5296
1 2 3
3 4 5
4 3 5
2 6 5
3 5 7
15 20 100
21 29 15
100 118 39
100 135 42
100 152 190
100 220 77
100 288 14
105 123 58
105 140 238
105 225 121
105 259 13
105 276 7
110 128 7
110 145 107
110 230 257
110 264 311
115 150 216
115 184 158
115 235 124
120 138 256
120 172 46
120 240 301
120 274 43
120 291 340
130 148 257
130 182 119
130 216 115
130 250 79
135 170 218
135 204 154
135 255 208
140 158 297
140 175 90
140 192 85
140 260 261
140 294 251
145 265 82
150 168 281
150 185 106
150 219 266
150 236 211
155 275 96
160 195 62
160 280 191
165 183 322
165 200 349
165 234 17
165 285 354
170 222 95
170 290 104
175 210 68
180 198 117
180 215 364
180 232 289
180 249 376
180 266 427
185 220 234
190 225 257
190 276 145
195 213 248
195 230 48
195 247 380
195 264 259
200 235 284
205 240 388
210 228 361
210 245 258
210 296 283
215 250 234
220 255 17
225 243 154
230 248 57
230 282 411
230 299 473
235 270 84
240 258 171
240 275 422
240 292 169
245 280 500
255 290 113
260 278 209
270 288 202
280 298 75
100 101 114
100 169 55
100 186 188
100 203 102
100 237 58
100 254 246
100 271 328
105 106 161
105 157 27
105 174 33
105 191 239
105 208 181
105 242 295
105 293 146
110 111 196
110 162 210
110 179 67
110 196 248
110 213 217
110 247 316
110 281 378
110 298 124
115 116 18
115 133 201
115 167 7
115 201 244
115 218 171
115 252 256
115 269 114
115 286 256
120 121 154
120 155 95
120 189 132
120 206 96
120 223 117
120 257 203
125 126 54
125 143 86
125 160 30
125 177 98
125 194 37
125 211 304
125 228 253
125 245 350
125 262 48
125 279 314
125 296 240
130 131 93
130 165 50
130 199 161
130 233 265
130 267 95
130 284 200
135 136 253
135 187 265
135 221 19
135 238 223
135 272 331
135 289 377
140 141 168
140 209 284
140 226 120
140 243 177
140 277 333
145 146 117
145 163 128
145 180 35
145 197 79
145 214 69
145 231 16
145 248 144
145 299 110
150 151 46
150 202 94
150 253 200
150 270 210
150 287 127
155 156 21
155 173 184
155 190 105
155 207 158
155 224 246
155 241 324
155 258 362
155 292 10
160 161 186
160 178 230
160 212 340
160 229 330
160 246 174
160 263 150
160 297 50
165 166 180
165 217 269
165 251 338
165 268 217
170 171 269
170 188 296
170 205 190
170 256 348
170 273 333
175 176 33
175 193 16
175 227 186
175 244 307
175 261 150
175 278 235
175 295 40
180 181 317
180 283 184
185 186 210
185 203 261
185 237 65
185 254 104
185 271 44
185 288 391
190 191 173
190 208 272
190 242 270
190 259 23
190 293 344
195 196 222
195 281 143
195 298 167
200 201 235
200 218 252
200 252 156
200 269 386
200 286 22
205 206 385
205 223 283
205 257 96
205 274 395
205 291 304
210 262 182
210 279 87
215 216 397
215 233 231
215 267 351
215 284 472
220 221 5
220 238 434
220 272 120
220 289 392
225 226 162
225 260 155
225 277 124
225 294 351
230 231 124
230 265 220
235 236 7
235 253 124
235 287 271
240 241 96
245 246 207
245 263 384
245 297 33
250 251 499
250 268 136
255 256 225
260 261 180
260 295 10
265 266 358
265 283 418
270 271 418
275 276 468
275 293 452
280 281 456
285 286 439
290 291 215
295 296 199
2049 7056 3392
2049 7057 7037
2049 7058 8368
2049 7059 9081
2049 7060 686
2049 7061 8034
2049 7062 2954
2049 7063 564
2049 7064 588
2049 7065 1647
2049 7066 4157
2049 7067 3542
2049 7068 2432
2049 7069 1111
2049 7070 1207
2049 7071 8236
2049 7072 3017
2049 7073 8353
2049 7074 8954
2049 7075 8325
2049 7076 3931
2049 7077 3772
2049 7078 285
2049 7079 560
2049 7080 3660
2049 7081 1237
2049 7082 5886
2049 7083 1230
2049 7084 3876
2049 7085 6312
2049 7086 7835
2049 7087 3673
2049 7088 3883
2049 7089 8735
2049 7090 2364
2049 7091 231
2049 7092 942
2049 7093 5561
2049 7094 3590
2049 7095 9002
2049 7096 8336
2049 7097 4274
2049 7098 4546
2049 7099 6439
2050 7000 3348
2050 7001 1711
2050 7002 7108
2050 7003 4225
2050 7004 1487
2050 7005 8149
2050 7006 7982
2050 7007 3642
2050 7008 272
2050 7009 8057
2050 7010 8600
2050 7011 7431
2050 7013 686
2050 7015 750
2050 7016 3675
2050 7017 4249
2050 7018 6056
2050 7019 7902
2050 7020 5267
2050 7021 2529
2050 7022 2600
2050 7023 6146
2050 7024 6491
2050 7025 8126
2050 7026 8076
2050 7027 3092
2050 7028 8271
2050 7029 1987
2050 7030 4622
2050 7031 2817
2050 7032 6169
2050 7033 4543
2050 7034 6759
2050 7035 1104
2050 7036 2165
2050 7037 2831
2050 7038 8793
2050 7039 7632
2050 7040 1583
2050 7041 8980
2050 7042 5503
2050 7043 1145
2050 7044 9053
2050 7045 230
2050 7046 1911
2050 7047 199
2050 7048 2885
2050 7049 7849
2050 7050 1914
2050 7051 7998
2050 7052 8758
2050 7053 4486
2050 7054 7641
2050 7055 7704
2050 7056 704
2050 7057 6320
2050 7058 5461
2050 7059 5976
2050 7060 6058
2050 7061 6282
2050 7062 5277
2050 7063 7277
2050 7064 3427
2050 7065 1911
2050 7066 1398
2050 7067 2549
2050 7068 3746
2050 7069 8602
2050 7070 5547
2050 7071 4521
2050 7072 1840
2050 7073 7318
2050 7074 9112
2050 7075 7119
2050 7076 1371
2050 7077 722
2050 7078 3013
2050 7079 1781
2050 7080 5961
2050 7081 8396
2050 7082 2430
2050 7083 7187
2050 7084 91
2050 7085 2260
2050 7086 3845
2050 7087 2304
2050 7088 5786
2050 7089 1511
2050 7090 3223
2050 7091 7610
2050 7092 4295
2050 7093 5100
2050 7094 7001
2050 7095 9043
2050 7096 6605
2050 7097 3256
2050 7098 8008
2050 7099 926
2051 7000 3547
2051 7001 4368
2051 7002 5209
2051 7003 8481
2051 7004 8576
2051 7005 7856
2051 7006 7729
2051 7007 5890
2051 7008 2237
2051 7009 133
2051 7010 8919
2051 7011 7369
2051 7012 3909
2051 7013 5906
2051 7014 662
2051 7015 7166
2051 7016 4771
2051 7017 3829
2051 7018 5897
2051 7019 4581
2051 7020 1731
2051 7021 2106
2051 7022 2261
2051 7023 2338
2051 7024 2540
2051 7025 5877
2051 7026 5260
2051 7027 4827
2051 7028 4402
2051 7029 1950
2051 7030 2711
2051 7031 9006
2051 7032 2153
2051 7033 4050
2051 7034 8365
2051 7035 7342
2051 7036 7146
2051 7037 5973
2051 7038 1663
2051 7039 5148
2051 7040 4129
2051 7041 5576
2051 7042 8578
2051 7043 3692
2051 7044 5976
2051 7045 4446
2051 7046 3854
2051 7047 9070
2051 7048 8135
2051 7049 7379
2051 7050 1684
2051 7051 4279
2051 7052 7096
2051 7053 4146
2051 7054 2872
2051 7055 398
2051 7056 5967
2051 7057 2687
2051 7058 4340
2051 7059 5994
2051 7060 6203
2051 7061 1719
2051 7062 8765
2051 7063 3038
2051 7064 7043
2051 7065 8236
2051 7066 3682
2051 7067 2590
2051 7068 6389
2051 7069 5069
2051 7070 3462
2051 7071 9036
2051 7072 7256
2051 7073 6129
2051 7074 362
2051 7075 8025
2051 7076 7214
2051 7077 8225
2051 7078 2208
2051 7079 4950
2051 7080 2773
2051 7081 5858
2051 7082 8356
2051 7083 2933
2051 7084 2199
2051 7085 3109
2051 7086 390
2051 7087 1575
2051 7088 1151
2051 7089 7900
2051 7090 7806
2051 7091 670
2051 7092 7116
2051 7093 5636
2051 7094 7318
2051 7095 1007
2051 7096 8025
2051 7097 2291
2051 7098 8492
2051 7099 4568
2052 7000 3401
2052 7001 3360
2052 7002 8107
2052 7003 1522
2052 7004 2413
2052 7005 4397
2052 7006 8386
2052 7007 6589
2052 7008 3332
2052 7009 4902
2052 7010 7036
2052 7011 7965
2052 7012 7493
2052 7013 2041
2052 7014 6610
2052 7015 5236
2052 7016 3780
2052 7017 1143
2052 7018 1287
2052 7019 2834
2052 7020 2873
2052 7021 5327
2052 7022 3467
2052 7023 6845
2052 7024 8630
2052 7025 2555
2052 7026 7707
2052 7027 6614
2052 7028 1677
2052 7029 5051
2052 7030 2341
2052 7031 3299
2052 7032 8936
2052 7033 3538
2052 7034 3631
2052 7035 6845
2052 7036 508
2052 7037 6966
2052 7038 7332
2052 7039 1218
2052 7040 5105
2052 7041 8841
2052 7042 1592
2052 7043 7738
2052 7044 8729
2052 7045 5146
2052 7046 3621
2052 7047 8669
2052 7048 2400
2052 7049 5862
2052 7050 4652
2052 7051 7865
2052 7052 605
2052 7053 4539
2052 7054 2213
2052 7055 7739
2052 7056 1179
2052 7057 1585
2052 7058 2259
2052 7059 7380
2052 7060 8957
2052 7061 5990
2052 7062 4488
2052 7063 5996
2052 7064 8856
2052 7065 6214
2052 7066 8667
2052 7067 6194
2052 7068 4409
2052 7069 3042
2052 7070 2112
2052 7071 8333
2052 7072 2317
2052 7073 1040
2052 7074 5077
2052 7075 7718
2052 7076 1488
2052 7077 7613
2052 7078 5248
2052 7079 1954
2052 7080 1412
2052 7081 3452
2052 7082 6192
2052 7083 4267
2052 7084 8925
2052 7085 1173
2052 7086 1126
2052 7087 2409
2052 7088 8937
2052 7089 1509
2052 7090 7877
2052 7091 4100
2052 7092 9039
2052 7093 1076
2052 7094 5233
2052 7095 2394
2052 7096 3973
2052 7097 8702
2052 7098 4688
2052 7099 5826
2053 7000 1985
2053 7001 6744
2053 7002 7971
2053 7003 4559
2053 7004 7229
2053 7005 4733
2053 7006 3579
2053 7007 3566
2053 7008 6593
2053 7009 3139
2053 7010 6951
2053 7011 6432
2053 7012 7331
2053 7013 2924
2053 7014 3493
2053 7015 2107
2053 7016 7190
2053 7017 4237
2053 7018 3317
2053 7019 4886
2053 7020 6538
2053 7021 7712
2053 7022 3304
2053 7023 8072
2053 7024 3543
2053 7025 4842
2053 7026 7747
2053 7027 722
2053 7028 7754
2053 7029 233
2053 7030 2536
2053 7031 1689
2053 7032 5202
2053 7033 4029
2053 7034 7466
2053 7035 2764
2053 7036 1884
2053 7037 6448
2053 7038 4476
2053 7039 623
2053 7040 5416
2053 7041 272
2053 7042 4065
2053 7043 1501
2053 7044 3210
2053 7045 3388
2053 7046 3853
2053 7047 4194
2053 7048 2561
2053 7049 3974
2053 7050 8153
2053 7051 7023
2053 7052 6894
2053 7053 3900
2053 7054 4043
2053 7055 8459
2053 7056 8812
2053 7057 7201
2053 7058 1362
2053 7059 4245
2053 7060 1309
2053 7061 5906
2053 7062 2139
2053 7063 7494
2053 7064 3838
2053 7065 7303
2053 7066 5252
2053 7067 5196
2053 7068 9071
2053 7069 1380
2053 7070 5103
2053 7071 5282
2053 7072 6167
2053 7073 4731
2053 7074 134
2053 7075 7657
2053 7076 264
2053 7077 7844
2053 7078 6971
2053 7079 3897
2053 7080 6590
2053 7081 7886
2053 7082 1822
2053 7083 613
2053 7084 3973
2053 7085 7311
2053 7086 207
2053 7087 2456
2053 7088 8658
2053 7089 4257
2053 7090 7342
2053 7091 1514
2053 7092 1067
2053 7093 6507
2053 7094 5969
2053 7095 4802
2053 7096 8487
2053 7097 8012
2053 7098 2536
2053 7099 1123
2054 7000 5563
2054 7001 7516
2054 7002 8724
2054 7003 1820
2054 7004 2770
2054 7005 6363
2054 7006 4040
2054 7007 5668
2054 7008 3378
2054 7009 813
2054 7010 781
2054 7011 2058
2054 7012 5025
2054 7013 2801
2054 7014 1689
2054 7015 6838
2054 7016 7688
2054 7017 543
2054 7018 5404
2054 7019 2252
2054 7020 5087
2054 7021 5998
2054 7022 2864
2054 7023 8766
2054 7024 4362
2054 7025 5418
2054 7026 5458
2054 7027 5535
2054 7028 2965
2054 7029 4379
2054 7030 3423
2054 7031 6213
2054 7032 1396
2054 7033 6537
2054 7034 2474
2054 7035 2842
2054 7036 1944
2054 7037 7889
2054 7038 321
2054 7039 5260
2054 7040 3080
2054 7041 7741
2054 7042 1253
2054 7043 7227
2054 7044 8750
2054 7045 8489
2054 7046 4484
2054 7047 6447
2054 7048 1163
2054 7049 4244
2054 7050 5147
2054 7051 1396
2054 7052 7537
2054 7053 1108
2054 7054 6779
2054 7055 7936
2054 7056 5401
2054 7057 1872
2054 7058 7726
2054 7059 3958
2054 7060 1489
2054 7061 1403
2054 7062 1837
2054 7063 2594
2054 7064 1005
2054 7065 2903
2054 7066 6403
2054 7067 4679
2054 7068 1722
2054 7069 3773
2054 7070 8145
2054 7071 6602
2054 7072 1276
2054 7073 1077
2054 7074 3132
2054 7075 8419
2054 7076 4912
2054 7077 54
2054 7078 3283
2054 7079 2125
2054 7080 5037
2054 7081 2355
2054 7082 521
2054 7083 6882
2054 7084 8559
2054 7085 5943
2054 7086 7686
2054 7087 2974
2054 7088 32
2054 7089 5733
2054 7090 7133
2054 7091 6649
2054 7092 3337
2054 7093 8365
2054 7094 4160
2054 7095 7921
2054 7096 1687
2054 7097 231
2054 7098 4427
2054 7099 8082
2055 7000 2773
2055 7001 7331
2055 7002 4854
2055 7003 631
2055 7004 8483
2055 7005 9016
2055 7006 5913
2055 7007 3239
2055 7008 5814
2055 7009 3236
2055 7010 3304
2055 7011 7999
2055 7012 5092
2055 7013 7650
2055 7014 1911
2055 7015 8369
2055 7016 7658
2055 7017 1553
2055 7018 6921
2055 7019 470
2055 7020 4192
2055 7021 6815
2055 7022 5334
2055 7023 3514
2055 7024 5985
2055 7025 4355
2055 7026 7503
2055 7027 5991
2055 7028 3751
2055 7029 3880
2055 7030 6149
2055 7031 404
2055 7032 8080
2055 7033 4735
2055 7034 2816
2055 7035 1827
2055 7036 6790
2055 7037 7127
2055 7038 7930
2055 7039 7581
2055 7040 2098
2055 7041 4440
2055 7042 6928
2055 7043 7987
2055 7044 4463
2055 7045 8914
2055 7046 222
2055 7047 6523
2055 7048 4676
2055 7049 8241
2055 7050 6582
2055 7051 7567
2055 7052 774
2055 7053 5971
2055 7054 5744
2055 7055 4893
2055 7056 4279
2055 7057 7607
2055 7058 7302
2055 7059 4101
2055 7060 4086
2055 7061 6554
2055 7062 7993
2055 7063 2093
2055 7064 451
2055 7065 4225
2055 7066 7397
2055 7067 8981
2055 7068 8794
2055 7069 5671
2055 7070 6124
2055 7071 2434
2055 7072 8436
2055 7073 2972
2055 7074 1109
2055 7075 1099
2055 7076 8965
2055 7077 5516
2055 7078 2744
2055 7079 2742
2055 7080 6160
2055 7081 3203
2055 7082 8625
2055 7083 8574
2055 7084 6003
2055 7085 1753
2055 7086 2814
2055 7087 7445
2055 7088 2712
2055 7089 5715
2055 7090 4779
2055 7091 2014
2055 7092 7619
2055 7093 2954
2055 7094 5629
2055 7095 7857
2055 7096 6415
2055 7097 5468
2055 7098 5236
2055 7099 4685
2056 7000 5358
2056 7001 8883
2056 7002 974
2056 7003 8184
2056 7004 5445
2056 7005 8388
2056 7006 3505
2056 7007 5912
2056 7008 3434
2056 7009 6511
2056 7010 8006
2056 7011 6462
2056 7012 474
2056 7013 2918
2056 7014 4448
2056 7015 6540
2056 7016 4824
2056 7017 4098
2056 7018 5914
2056 7019 5473
2056 7020 5954
2056 7021 6600
2056 7022 4966
2056 7023 5770
2056 7024 2539
2056 7025 2626
2056 7026 5048
2056 7027 3654
2056 7028 6029
2056 7029 5944
2056 7030 6385
2056 7031 2471
2056 7032 4345
2056 7033 1333
2056 7034 3312
2056 7035 8565
2056 7036 6107
2056 7037 1469
2056 7038 3560
2056 7039 3712
2056 7040 5336
2056 7041 6107
2056 7042 4915
2056 7043 7191
2056 7044 3354
2056 7045 1354
2056 7046 3752
2056 7047 1000
2056 7048 1751
2056 7049 18
2056 7050 1024
2056 7051 3588
2056 7052 1106
2056 7053 1843
2056 7054 3536
2056 7055 8571
2056 7056 5580
2056 7057 3057
2056 7058 1737
2056 7059 7980
2056 7060 5038
2056 7061 6507
2056 7062 5513
2056 7063 8646
2056 7064 1763
2056 7065 6966
2056 7066 3572
2056 7067 585
2056 7068 1065
2056 7069 6903
2056 7070 4420
2056 7071 777
2056 7072 5606
2056 7073 4135
2056 7074 1464
2056 7075 1281
2056 7076 680
2056 7078 8701
2056 7079 2971
2056 7080 2577
2056 7081 4084
2056 7082 4282
2056 7083 8286
2056 7084 2073
2056 7085 3083
2056 7086 5037
2056 7087 6967
2056 7088 4222
2056 7089 8760
2056 7090 1888
2056 7091 2099
2056 7092 2992
2056 7093 7481
2056 7094 1748
2056 7095 8585
2056 7096 3982
2056 7097 7242
2056 7098 6988
2056 7099 667
2057 7000 2144
2057 7001 23
2057 7002 8860
2057 7003 7423
2057 7004 2800
2057 7005 6400
2057 7006 6760
2057 7007 5702
2057 7008 7243
2057 7009 7421
2057 7010 2651
2057 7011 1016
2057 7012 2674
2057 7013 3651
2057 7014 8632
2057 7015 400
2057 7016 5481
2057 7017 9011
2057 7018 7204
2057 7019 4650
2057 7020 8392
2057 7021 1963
2057 7022 2026
2057 7023 5637
2057 7024 4646
2057 7025 1047
2057 7026 2139
2057 7027 2106
2057 7028 6106
2057 7029 6823
2057 7030 6169
2057 7031 3741
2057 7032 7415
2057 7033 2286
2057 7034 2061
2057 7035 485
2057 7036 2466
2057 7037 4587
2057 7038 7839
2057 7039 4587
2057 7040 194
2057 7041 8405
2057 7042 2005
2057 7043 1478
2057 7044 2044
2057 7045 5157
2057 7046 4949
2057 7047 6747
2057 7048 5163
2057 7049 6501
2057 7050 3846
2057 7051 8368
2057 7052 3353
2057 7053 5198
2057 7054 6629
2057 7055 964
2057 7056 3619
2057 7057 7273
2057 7058 9061
2057 7059 1136
2057 7060 1965
2057 7061 2510
2057 7062 1198
2057 7063 5296
2057 7064 1739
2057 7065 6994
2057 7066 7241
2057 7067 9069
2057 7068 7981
2057 7069 4228
2057 7070 7709
2057 7071 4202
2057 7072 3343
2057 7073 7895
2057 7074 2196
2057 7075 8318
2057 7076 1559
2057 7077 6940
2057 7078 6938
2057 7079 5635
2057 7080 1955
2057 7081 1444
2057 7082 4003
2057 7083 1384
2057 7084 1709
2057 7085 7092
2057 7086 5196
2057 7087 7746
2057 7088 4086
2057 7089 2566
2057 7090 180
2057 7091 77
2057 7092 3229
2057 7093 5902
2057 7094 6795
2057 7095 99
2057 7096 5989
2057 7097 1070
2057 7098 3209
2057 7099 5306
2058 7000 6901
2058 7001 8220
2058 7002 5921
2058 7003 6105
2058 7004 4190
2058 7005 7935
2058 7006 5627
2058 7007 6398
2058 7008 2417
2058 7009 6051
2058 7010 107
2058 7011 3118
2058 7012 6018
2058 7013 6474
2058 7014 8394
2058 7015 4198
2058 7016 8838
2058 7017 79
2058 7018 8192
2058 7019 4382
2058 7020 6392
2058 7021 1857
2058 7022 3621
2058 7023 7682
2058 7024 6455
2058 7025 7883
2058 7026 6713
2058 7027 6294
2058 7028 4727
2058 7029 1778
2058 7030 1234
2058 7031 3892
2058 7032 2578
2058 7033 4411
2058 7034 1596
2058 7035 3291
2058 7036 1260
2058 7037 2130
2058 7038 3421
2058 7039 5122
2058 7040 2084
2058 7041 2189
2058 7042 6452
2058 7043 8352
2058 7044 3769
2058 7045 178
2058 7046 2209
2058 7047 7264
2058 7048 4923
2058 7049 7464
2058 7050 6668
2058 7051 3643
2058 7052 4727
2058 7053 6885
2058 7054 3912
2058 7055 456
2058 7056 4189
2058 7057 3278
2058 7058 1495
2058 7059 784
2058 7060 7532
2058 7061 2845
2058 7062 4106
2058 7063 4683
2058 7064 1229
2058 7065 5141
2058 7066 3272
2058 7067 2545
2058 7068 2281
2058 7069 964
2058 7070 1228
2058 7071 2730
2058 7072 5224
2058 7073 166
2058 7074 4886
2058 7075 4773
2058 7076 5587
2058 7077 761
2058 7078 3183
2058 7079 4084
2058 7080 4555
2058 7081 1562
2058 7082 7894
2058 7083 1081
2058 7084 9127
2058 7085 3578
2058 7086 7369
2058 7087 5047
2058 7088 4476
2058 7089 1806
2058 7090 5511
2058 7091 1778
2058 7092 1198
2058 7093 4881
2058 7094 4398
2058 7095 8291
2058 7096 6387
2058 7097 9090
2058 7098 6786
2058 7099 5487
2059 7000 7365
2059 7001 4303
2059 7002 3202
2059 7003 7319
2059 7004 8651
2059 7005 5415
2059 7006 4830
2059 7007 1489
2059 7008 1272
2059 7009 2732
2059 7010 8972
2059 7011 6363
2059 7012 157
2059 7013 4662
2059 7014 5314
2059 7015 7828
2059 7016 2671
2059 7017 6964
2059 7018 7355
2059 7019 1762
2059 7020 5038
2059 7021 2171
2059 7022 2932
2059 7023 1462
2059 7024 6796
2059 7025 7766
2059 7026 7199
2059 7027 3799
2059 7028 334
2059 7029 5700
2059 7030 8621
2059 7031 5941
2059 7032 4350
2059 7033 2735
2059 7034 7665
2059 7035 4018
2059 7036 2307
2059 7037 1484
2059 7038 8404
2059 7039 3230
2059 7040 5517
2059 7041 5742
2059 7042 2507
2059 7043 6222
2059 7044 8383
2059 7045 4581
2059 7046 3097
2059 7047 7778
2059 7048 1810
2059 7049 916
2059 7050 8790
2059 7051 2745
2059 7052 4251
2059 7053 2886
2059 7054 54
2059 7055 6313
2059 7056 2039
2059 7057 5447
2059 7058 7178
2059 7059 4160
2059 7060 3453
2059 7061 5271
2059 7062 2452
2059 7063 7092
2059 7064 5998
2059 7065 8548
2059 7066 9105
2059 7067 5507
2059 7068 5894
2059 7069 8385
2059 7070 1924
2059 7071 445
2059 7072 7054
2059 7073 8406
2059 7074 6891
2059 7075 8831
2059 7076 7556
2059 7077 5354
2059 7078 4935
2059 7079 6447
2059 7080 8352
2059 7081 4396
2059 7082 1751
2059 7083 4347
2059 7084 3839
2059 7085 1615
2059 7086 6436
2059 7087 4185
2059 7088 4022
2059 7089 1448
2059 7090 2829
2059 7091 3760
2059 7092 4127
2059 7093 2347
2059 7094 6906
2059 7095 1258
2059 7096 2361
2059 7097 8370
2059 7098 6375
2059 7099 2840
2060 7000 5394
2060 7001 7137
2060 7002 6704
2060 7003 3968
2060 7004 7138
2060 7005 520
2060 7006 8784
2060 7007 4946
2060 7008 7449
2060 7009 3183
2060 7010 905
2060 7011 4885
2060 7012 3191
2060 7013 5094
2060 7014 7858
2060 7015 3492
2060 7016 7700
2060 7017 7519
2060 7018 2441
2060 7019 2056
2060 7020 2720
2060 7021 5813
2060 7022 7331
2060 7023 6498
2060 7024 1636
2060 7025 3362
2060 7026 4988
2060 7027 8465
2060 7028 4273
2060 7029 7494
2060 7030 8760
2060 7031 7078
2060 7032 2661
2060 7033 6305
2060 7034 2322
2060 7035 3126
2060 7036 6961
2060 7037 4372
2060 7038 3725
2060 7039 7069
2060 7040 1698
2060 7041 224
2060 7042 1740
2060 7043 8599
2060 7044 4639
2060 7045 5921
2060 7046 4342
2060 7047 4264
2060 7048 1980
2060 7049 3739
2060 7050 4731
2060 7051 1368
2060 7052 1889
2060 7053 8165
2060 7054 189
2060 7055 6558
2060 7056 4216
2060 7057 13
2060 7058 2410
2060 7059 1777
2060 7060 7326
2060 7061 5566
2060 7062 1551
2060 7063 3713
2060 7064 8758
2060 7065 2724
2060 7066 5520
2060 7067 1696
2060 7068 8131
2060 7069 6842
2060 7070 8372
2060 7071 6197
2060 7072 4046
2060 7073 3894
2060 7074 8282
2060 7075 6904
2060 7076 5719
2060 7077 307
2060 7078 169
2060 7079 6273
2060 7080 7465
2060 7081 24
2060 7082 2216
2060 7083 751
2060 7084 653
2060 7085 6498
2060 7086 959
2060 7087 8464
2060 7088 1493
2060 7089 805
2060 7090 7422
2060 7091 516
2060 7092 6543
2060 7093 1232
2060 7094 337
2060 7095 8236
2060 7096 1141
2060 7097 5167
2060 7098 5011
2060 7099 5712
2061 7000 6123
2061 7001 7267
2061 7002 1745
2061 7003 2396
2061 7004 7345
2061 7005 4075
2061 7006 6157
2061 7007 2846
2061 7008 1373
2061 7009 5051
2061 7010 3076
2061 7011 1998
2061 7012 3696
2061 7013 7314
2061 7014 6795
2061 7015 433
2061 7016 5080
2061 7017 5998
2061 7018 6778
2061 7019 263
2061 7020 5671
2061 7021 8661
2061 7022 1607
2061 7023 5300
2061 7024 6958
2061 7025 2450
2061 7026 8131
2061 7027 2489
2061 7028 5615
2061 7029 4636
2061 7030 5924
2061 7031 8546
2061 7032 4428
2061 7033 3786
2061 7034 5581
2061 7035 2381
2061 7036 932
2061 7037 8105
2061 7038 4173
2061 7039 435
2061 7040 248
2061 7041 3054
2061 7042 7642
2061 7043 2255
2061 7044 6758
2061 7045 1521
2061 7046 4046
2061 7047 2179
2061 7048 7139
2061 7049 5536
2061 7050 9
2061 7051 3343
2061 7052 8037
2061 7053 1862
2061 7054 3583
2061 7055 7094
2061 7056 6941
2061 7057 1637
2061 7058 8612
2061 7059 5217
2061 7060 839
2061 7061 8801
2061 7062 4790
2061 7063 638
2061 7064 8153
2061 7065 8853
2061 7066 512
2061 7067 5077
2061 7068 1667
2061 7069 5876
2061 7070 3003
2061 7071 7372
2061 7072 3551
2061 7073 3014
2061 7074 7203
2061 7075 202
2061 7076 5072
2061 7077 5316
2061 7078 1866
2061 7079 1245
2061 7080 5820
2061 7081 2799
2061 7082 9104
2061 7083 1211
2061 7084 1889
2061 7085 1633
2061 7086 3147
2061 7087 6428
2061 7088 4976
2061 7089 1258
2061 7090 2432
2061 7091 2831
2061 7092 6500
2061 7093 9102
2061 7094 3241
2061 7095 1997
2061 7096 7614
2061 7097 8827
2061 7098 1326
2061 7099 1236
2062 7000 4338
2062 7001 8070
2062 7003 5538
2062 7004 4024
2062 7005 4517
2062 7006 3879
2062 7007 2054
2062 7008 6068
2062 7009 6135
2062 7010 126
2062 7011 5506
2062 7012 6783
2062 7013 2427
2062 7014 1937
2062 7015 2935
2062 7016 5381
2062 7017 1169
2062 7018 2510
2062 7019 3138
2062 7020 8379
2062 7021 5715
2062 7022 6610
2062 7023 8118
2062 7024 5083
2062 7025 3656
2062 7026 7348
2062 7027 7243
2062 7028 8770
2062 7029 976
2062 7030 434
2062 7031 5429
2062 7032 4442
2062 7033 2956
2062 7034 2100
2062 7035 2718
2062 7036 7887
2062 7037 2643
2062 7038 2231
2062 7039 1088
2062 7040 6080
2062 7041 1579
2062 7042 2281
2062 7043 6364
2062 7044 1870
2062 7045 925
2062 7046 2047
2062 7047 52
2062 7048 4234
2062 7049 3524
2062 7050 7383
2062 7051 548
2062 7052 311
2062 7053 6521
2062 7054 3650
2062 7055 1004
2062 7056 7535
2062 7057 6720
2062 7058 8942
2062 7059 6492
2062 7060 7577
2062 7061 5727
2062 7062 6406
2062 7063 5040
2062 7064 8936
2062 7065 5749
2062 7066 4162
2062 7067 8684
2062 7068 8858
2062 7069 5996
2062 7070 7216
2062 7071 1939
2062 7072 295
2062 7073 4296
2062 7074 5319
2062 7075 2370
2062 7076 900
2062 7077 2722
2062 7078 5418
2062 7079 5082
2062 7080 8112
2062 7081 389
2062 7082 2036
2062 7083 1049
2062 7084 7643
2062 7085 978
2062 7086 7306
2062 7087 1856
2062 7088 6430
2062 7089 4931
2062 7090 3086
2062 7091 2574
2062 7092 3986
2062 7093 5330
2062 7094 6357
2062 7095 4755
2062 7096 1992
2062 7097 3799
2062 7098 6183
2062 7099 2462
2063 7000 2834
2063 7001 3700
2063 7002 6527
2063 7003 4555
2063 7004 7969
2063 7005 3318
2063 7006 1884
2063 7007 3165
2063 7008 4412
2063 7009 3521
2063 7010 8440
2063 7011 5654
2063 7012 1003
2063 7013 2221
2063 7014 2145
2063 7015 7839
2063 7016 8061
2063 7017 2133
2063 7018 384
2063 7019 2065
2063 7020 5847
2063 7021 6831
2063 7022 3628
2063 7023 7881
2063 7024 4644
2063 7025 8183
2063 7026 386
2063 7027 6107
2063 7028 2475
2063 7029 5329
2063 7030 1579
2063 7031 650
2063 7032 3118
2063 7033 5626
2063 7034 7843
2063 7035 5478
2063 7036 3247
2063 7037 8001
2063 7038 2685
2063 7039 4971
2063 7040 3800
2063 7041 1820
2063 7042 6380
2063 7043 5235
2063 7044 7933
2063 7045 835
2063 7046 6233
2063 7047 3581
2063 7048 7609
2063 7049 7651
2063 7050 4283
2063 7051 7195
2063 7052 2025
2063 7053 8096
2063 7054 7215
2063 7055 164
2063 7056 2588
2063 7057 5126
2063 7058 69
2063 7059 7980
2063 7060 944
2063 7061 2080
2063 7062 3536
2063 7063 2534
2063 7064 5641
2063 7065 5886
2063 7066 5501
2063 7067 2184
2063 7068 5984
2063 7069 5977
2063 7070 2224
2063 7071 8831
2063 7072 5912
2063 7073 2285
2063 7074 2136
2063 7075 3213
2063 7076 1990
2063 7077 505
2063 7078 7691
2063 7079 2983
2063 7080 6423
2063 7081 8305
2063 7082 1685
2063 7083 5128
2063 7084 6523
2063 7085 2542
2063 7086 2749
2063 7087 7968
2063 7088 6528
2063 7089 3887
2063 7090 8206
2063 7091 8340
2063 7092 5475
2063 7093 7557
2063 7094 3959
2063 7095 621
2063 7096 8910
2063 7097 1802
2063 7098 639
2063 7099 6373
2064 7000 5376
2064 7001 2156
2064 7002 7311
2064 7003 3415
2064 7004 5083
2064 7005 6808
2064 7006 8628
2064 7007 4930
2064 7008 7883
2064 7009 2658
2064 7010 2785
2064 7011 4126
2064 7012 5117
2064 7013 4678
2064 7014 2421
2064 7015 4208
2064 7016 1865
2064 7017 3029
2064 7018 12
2064 7019 2889
2064 7020 7158
2064 7021 5880
2064 7022 7618
2064 7023 7457
2064 7024 1005
2064 7025 1687
2064 7026 7982
2064 7027 7998
2064 7028 7147
2064 7029 6509
2064 7030 3604
2064 7031 5885
2064 7032 6362
2064 7033 337
2064 7034 6189
2064 7035 1149
2064 7036 97
2064 7037 1877
2064 7038 5181
2064 7039 4321
2064 7040 1300
2064 7041 3109
2064 7042 6901
2064 7043 8414
2064 7044 629
2064 7045 8461
2064 7046 5429
2064 7047 8013
2064 7048 8961
2064 7049 3297
2064 7050 5629
2064 7051 4330
2064 7052 7180
2064 7053 2532
2064 7054 4879
2064 7055 8019
2064 7056 1169
2064 7057 250
2064 7058 8887
2064 7059 95
2064 7060 1786
2064 7061 6807
2064 7062 7956
2064 7063 7516
2064 7064 6459
2064 7065 7661
2064 7066 4813
2064 7067 7876
2064 7068 7599
2064 7069 2472
2064 7070 636
2064 7071 7163
2064 7072 5677
2064 7073 6385
2064 7074 5111
2064 7075 1341
2064 7076 1582
2064 7077 9011
2064 7078 7711
2064 7079 7503
2064 7080 4583
2064 7081 1467
2064 7082 7696
2064 7083 6593
2064 7084 5468
2064 7085 3620
2064 7086 2228
2064 7087 379
2064 7088 7347
2064 7089 67
2064 7090 5866
2064 7091 2824
2064 7092 6593
2064 7093 6868
2064 7094 2074
2064 7095 4457
2064 7096 5301
2064 7097 3123
2064 7098 4273
2064 7099 3223
2065 7000 1261
2065 7001 6733
2065 7002 7787
2065 7003 1448
2065 7004 4263
2065 7005 5656
2065 7006 6411
2065 7007 7390
2065 7008 8435
2065 7009 1868
2065 7010 8946
2065 7011 5597
2065 7012 754
2065 7013 8785
2065 7014 1726
2065 7015 5075
2065 7016 7057
2065 7017 6845
2065 7018 3388
2065 7019 7209
2065 7020 2084
2065 7021 3494
2065 7022 8510
2065 7023 8041
2065 7024 3335
2065 7025 5570
2065 7026 6913
2065 7027 6254
2065 7028 7158
2065 7029 7331
2065 7030 6849
2065 7031 4819
2065 7032 6519
2065 7033 2979
2065 7034 8829
2065 7035 3409
2065 7036 6152
2065 7037 4021
2065 7038 1506
2065 7039 2494
2065 7040 1692
2065 7041 1003
2065 7042 1633
2065 7043 2685
2065 7044 1355
2065 7045 2617
2065 7046 6472
2065 7047 7660
2065 7048 132
2065 7049 1861
2065 7050 2880
2065 7051 1349
2065 7052 4793
2065 7053 3506
2065 7054 1426
2065 7055 8211
2065 7056 865
2065 7057 6663
2065 7058 361
2065 7059 5090
2065 7060 1027
2065 7061 8334
2065 7062 7972
2065 7063 7368
2065 7064 5872
2065 7065 1955
2065 7066 7602
2065 7067 6642
2065 7068 6135
2065 7069 6191
2065 7070 330
2065 7071 4306
2065 7072 370
2065 7073 4806
2065 7074 5493
2065 7075 5958
2065 7076 8943
2065 7077 3606
2065 7078 3691
2065 7079 1007
2065 7080 8880
2065 7081 8350
2065 7082 7273
2065 7083 4055
2065 7084 6283
2065 7085 1086
2065 7086 4735
2065 7087 33
2065 7088 6164
2065 7089 7645
2065 7090 593
2065 7091 8313
2065 7092 930
2065 7093 7589
2065 7094 6032
2065 7095 4050
2065 7096 6892
2065 7097 4602
2065 7098 5232
2065 7099 8393
2066 7000 357
2066 7001 2743
2066 7002 1288
2066 7003 4843
2066 7004 7246
2066 7005 5237
2066 7006 4680
2066 7007 8957
2066 7008 7693
2066 7009 338
2066 7010 8461
2066 7011 6472
2066 7012 4378
2066 7013 5159
2066 7014 883
2066 7015 4656
2066 7016 679
2066 7017 4689
2066 7018 3291
2066 7019 4620
2066 7020 1395
2066 7021 6767
2066 7022 821
2066 7023 7286
2066 7024 8851
2066 7025 5121
2066 7026 1424
2066 7027 8906
2066 7028 5068
2066 7029 7512
2066 7030 1984
2066 7031 8394
2066 7032 3181
2066 7033 6072
2066 7034 5111
2066 7035 1346
2066 7036 2902
2066 7037 6984
2066 7038 8003
2066 7039 7841
2066 7040 8268
2066 7041 6055
2066 7042 7640
2066 7043 3040
2066 7044 8106
2066 7045 59
2066 7046 3574
2066 7047 5402
2066 7048 6572
2066 7049 7045
2066 7050 3600
2066 7051 5500
2066 7052 3326
2066 7053 7613
2066 7054 7213
2066 7055 6012
2066 7056 8690
2066 7057 4393
2066 7058 6396
2066 7059 5102
2066 7060 4509
2066 7061 4056
2066 7062 5931
2066 7063 876
2066 7064 1660
2066 7065 1588
2066 7066 7087
2066 7067 830
2066 7068 6112
2066 7069 7582
2066 7070 4822
2066 7071 5796
2066 7072 8979
2066 7073 7800
2066 7074 6559
2066 7075 5250
2066 7076 7298
2066 7077 5996
2066 7078 2570
2066 7079 8457
2066 7080 5290
2066 7081 7626
2066 7082 8721
2066 7083 7641
2066 7084 2600
2066 7085 7446
2066 7086 6578
2066 7087 6932
2066 7088 5753
2066 7089 5638
2066 7090 1216
2066 7091 4666
2066 7092 3482
2066 7093 6766
2066 7094 3967
2066 7095 4007
2066 7096 3974
2066 7097 8288
2066 7098 9157
2066 7099 6009
2067 7000 3876
2067 7001 8914
2067 7002 5541
2067 7003 3744
2067 7004 1696
2067 7005 2962
2067 7006 6018
2067 7007 1399
2067 7008 8146
2067 7009 3247
2067 7010 6163
2067 7011 7862
2067 7012 128
2067 7013 3356
2067 7014 8508
2067 7015 1183
2067 7016 3035
2067 7017 7204
2067 7018 4587
2067 7019 6255
2067 7020 6126
2067 7021 5971
2067 7022 209
2067 7023 6760
2067 7024 7575
2067 7025 6457
2067 7026 8191
2067 7027 4319
2067 7028 1456
2067 7029 4087
2067 7030 8477
2067 7031 1034
2067 7032 5896
2067 7033 3594
2067 7034 8208
2067 7035 3064
2067 7036 4489
2067 7037 4598
2067 7038 8188
2067 7039 911
2067 7040 7440
2067 7041 106
2067 7042 178
2067 7043 250
2067 7044 4548
2067 7045 2780
2067 7046 1077
2067 7047 5449
2067 7048 8784
2067 7049 1981
2067 7050 8023
2067 7051 4503
2067 7052 8294
2067 7053 6471
2067 7054 8939
2067 7055 6244
2067 7056 2546
2067 7057 6402
2067 7058 3688
2067 7059 121
2067 7060 7250
2067 7061 7551
2067 7062 105
2067 7063 7041
2067 7064 2592
2067 7065 2439
2067 7066 5047
2067 7067 333
2067 7068 5039
2067 7069 7712
2067 7070 8841
2067 7071 1088
2067 7072 978
2067 7073 6783
2067 7074 4929
2067 7075 1654
2067 7076 1271
2067 7077 3539
2067 7078 863
2067 7079 622
2067 7080 6318
2067 7081 3071
2067 7082 811
2067 7083 2902
2067 7084 817
2067 7085 3624
2067 7086 1944
2067 7087 348
2067 7088 694
2067 7089 4689
2067 7090 241
2067 7091 629
2067 7092 2632
2067 7093 4312
2067 7094 1140
2067 7095 5280
2067 7096 500
2067 7097 8465
2067 7098 4429
2067 7099 6061
2068 7000 6
2068 7001 6749
2068 7002 7141
2068 7003 8491
2068 7004 5420
2068 7005 6958
2068 7006 3098
2068 7007 1857
2068 7008 5709
2068 7009 8557
2068 7010 8089
2068 7011 6968
2068 7012 5865
2068 7013 5052
2068 7014 2129
2068 7015 3122
2068 7016 4498
2068 7017 3680
2068 7018 1707
2068 7019 2495
2068 7020 1927
2068 7021 704
2068 7022 4561
2068 7023 2029
2068 7024 7540
2068 7025 3812
2068 7026 981
2068 7027 2660
2068 7028 5575
2068 7029 7769
2068 7030 8139
2068 7031 4311
2068 7032 6244
2068 7033 8434
2068 7034 6727
2068 7035 8985
2068 7036 6282
2068 7037 3798
2068 7038 1464
2068 7039 278
2068 7040 4994
2068 7041 6953
2068 7042 1423
2068 7043 2583
2068 7044 7455
2068 7045 1268
2068 7046 5140
2068 7047 5424
2068 7048 4240
2068 7049 7251
2068 7050 3365
2068 7051 5465
2068 7052 2044
2068 7053 6786
2068 7054 1143
2068 7055 4463
2068 7056 7390
2068 7057 1601
2068 7058 5529
2068 7059 4789
2068 7060 1313
2068 7061 5712
2068 7062 1000
2068 7063 3156
2068 7064 1512
2068 7065 1685
2068 7066 4406
2068 7067 7741
2068 7068 6537
2068 7069 7381
2068 7070 5085
2068 7071 4392
2068 7072 560
2068 7073 7404
2068 7074 6447
2068 7075 1711
2068 7076 2718
2068 7077 505
2068 7078 3303
2068 7079 4760
2068 7080 1297
2068 7081 3544
2068 7082 1382
2068 7083 4906
2068 7084 3972
2068 7085 5598
2068 7086 3601
2068 7087 6752
2068 7088 7766
2068 7089 6959
2068 7090 1382
2068 7091 6676
2068 7092 945
2068 7093 448
2068 7094 2473
2068 7095 7093
2068 7096 2211
2068 7097 8112
2068 7098 4295
2068 7099 8588
2069 7000 748
2069 7001 6063
2069 7002 2602
2069 7003 437
2069 7004 4514
2069 7005 4332
2069 7006 7256
2069 7007 614
2069 7008 6305
2069 7009 744
2069 7010 4235
2069 7011 4597
2069 7012 2180
2069 7013 4480
2069 7014 6685
2069 7015 7581
2069 7016 3234
2069 7017 530
2069 7018 5285
2069 7019 6205
2069 7020 5380
2069 7021 3307
2069 7022 6604
2069 7023 4513
2069 7024 4163
2069 7025 3341
2069 7026 3863
2069 7027 5302
2069 7028 2594
2069 7029 1982
2069 7030 2853
2069 7031 3962
2069 7032 7321
2069 7033 4362
2069 7034 7255
2069 7035 7765
2069 7036 1713
2069 7037 5295
2069 7038 164
2069 7039 6273
2069 7040 5456
2069 7041 540
2069 7042 7749
2069 7043 4589
2069 7044 3746
2069 7045 4324
2069 7046 2645
2069 7047 5921
2069 7048 4890
2069 7049 5548
2069 7050 3175
2069 7051 321
2069 7052 1113
2069 7053 801
2069 7054 2626
2069 7055 3069
2069 7056 818
2069 7057 521
2069 7058 6199
2069 7059 5999
2069 7060 8672
2069 7061 1871
2069 7062 3088
2069 7063 690
2069 7064 5156
2069 7065 8825
2069 7066 1505
2069 7067 1195
2069 7068 7150
2069 7069 2615
2069 7070 3966
2069 7071 1724
2069 7072 8887
2069 7073 5305
2069 7074 3430
2069 7075 4164
2069 7076 7311
2069 7077 429
2069 7078 8252
2069 7079 6721
2069 7080 7895
2069 7081 7933
2069 7082 9109
2069 7083 2096
2069 7084 2260
2069 7085 2028
2069 7086 6525
2069 7087 3569
2069 7088 1409
2069 7089 681
2069 7090 8423
2069 7091 5285
2069 7092 5637
2069 7093 1266
2069 7094 1179
2069 7095 999
2069 7096 1103
2069 7097 7743
2069 7098 3011
2069 7099 1428
2070 7000 3130
2070 7001 3827
2070 7002 4667
2070 7003 4984
2070 7004 6353
2070 7005 4815
2070 7006 6099
2070 7007 2818
2070 7008 5041
2070 7009 1825
2070 7010 6938
2070 7011 5394
2070 7012 4107
2070 7013 7438
2070 7014 4157
2070 7015 2054
2070 7016 2370
2070 7017 7264
2070 7018 510
2070 7019 1221
2070 7020 3069
2070 7021 7329
2070 7022 2241
2070 7023 7998
2070 7024 1256
2070 7025 5294
2070 7026 1792
2070 7027 1043
2070 7028 6981
2070 7029 5505
2070 7030 6637
2070 7031 2470
2070 7032 1425
2070 7033 1135
2070 7034 319
2070 7035 6328
2070 7036 3804
2070 7037 2444
2070 7038 2050
2070 7039 4383
2070 7040 7585
2070 7041 3046
2070 7042 1667
2070 7043 949
2070 7044 8634
2070 7045 7061
2070 7046 8644
2070 7047 2769
2070 7048 611
2070 7049 2451
2070 7050 1891
2070 7051 21
2070 7052 7748
2070 7053 1264
2070 7054 4593
2070 7055 4069
2070 7056 3669
2070 7057 7052
2070 7058 4048
2070 7059 4649
2070 7060 874
2070 7061 3233
2070 7062 4097
2070 7063 8579
2070 7064 5172
2070 7065 8866
2070 7066 3782
2070 7067 8814
2070 7068 3933
2070 7069 9024
2070 7070 2930
2070 7071 3619
2070 7072 2805
2070 7073 513
2070 7074 6836
2070 7075 5267
2070 7076 6804
2070 7077 5331
2070 7078 9052
2070 7079 3714
2070 7080 5318
2070 7081 6913
2070 7082 976
2070 7083 1826
2070 7084 8620
2070 7085 2500
2070 7086 8850
2070 7087 3439
2070 7088 8266
2070 7089 4928
2070 7090 6028
2070 7091 4485
2070 7092 7547
2070 7093 4277
2070 7094 5605
2070 7095 4613
2070 7096 6395
2070 7097 8123
2070 7098 470
2070 7099 8776
2071 7000 5571
2071 7001 8688
2071 7002 1453
2071 7003 4616
2071 7004 2064
2071 7005 5921
2071 7006 4211
2071 7007 4803
2071 7008 8948
2071 7009 1474
2071 7010 5784
2071 7011 6497
2071 7012 1049
2071 7013 2140
2071 7014 2133
2071 7015 5644
2071 7016 6108
2071 7017 3442
2071 7018 7906
2071 7019 8373
2071 7020 5969
2071 7021 2103
2071 7022 453
2071 7023 5381
2071 7024 3067
2071 7025 3509
2071 7026 1262
2071 7027 5347
2071 7028 2644
2071 7029 7766
2071 7030 6640
2071 7031 7638
2071 7032 5914
2071 7033 7112
2071 7034 8087
2071 7035 2566
2071 7036 5506
2071 7037 8457
2071 7038 8727
2071 7039 5313
2071 7040 1237
2071 7041 347
2071 7042 8709
2071 7043 8136
2071 7044 1251
2071 7045 65
2071 7046 7095
2071 7047 917
2071 7048 282
2071 7049 6239
2071 7050 8886
2071 7051 4895
2071 7052 229
2071 7053 3089
2071 7054 593
2071 7055 7499
2071 7056 8193
2071 7057 837
2071 7058 5037
2071 7059 8067
2071 7060 4380
2071 7061 7802
2071 7062 7511
2071 7063 4677
2071 7064 7964
2071 7065 3152
2071 7066 5213
2071 7067 9119
2071 7068 6826
2071 7069 921
2071 7070 4653
2071 7071 3867
2071 7072 5251
2071 7073 6979
2071 7074 5764
2071 7075 1781
2071 7076 8613
2071 7077 8585
2071 7078 8648
2071 7079 7691
2071 7080 7369
2071 7081 3587
2071 7082 3968
2071 7083 8869
2071 7084 4686
2071 7085 6128
2071 7086 4713
2071 7087 1488
2071 7088 767
2071 7089 7398
2071 7090 870
2071 7091 2170
2071 7092 22
2071 7093 3742
2071 7094 4281
2071 7095 1026
2071 7096 1873
2071 7097 7026
2071 7098 4331
2071 7099 6429
2072 7000 3289
2072 7001 1829
2072 7002 3863
2072 7003 6531
2072 7004 5374
2072 7005 6211
2072 7006 8312
2072 7007 5372
2072 7008 401
2072 7009 3668
2072 7010 157
2072 7011 2244
2072 7012 8569
2072 7013 7479
2072 7014 6471
2072 7015 4511
2072 7016 5836
2072 7017 8075
2072 7018 6581
2072 7019 2342
2072 7020 7952
2072 7021 4188
2072 7022 3189
2072 7023 3968
2072 7024 7151
2072 7025 8867
2072 7026 6399
2072 7027 7030
2072 7028 3331
2072 7029 9036
2072 7030 6504
2072 7031 5676
2072 7032 3347
2072 7033 8506
2072 7034 8542
2072 7035 3624
2072 7036 1044
2072 7037 3384
2072 7038 5708
2072 7039 4780
2072 7040 7688
2072 7041 4750
2072 7042 5024
2072 7043 5956
2072 7044 4132
2072 7045 8099
2072 7046 6901
2072 7047 7938
2072 7048 4266
2072 7049 8772
2072 7050 8679
2072 7051 860
2072 7052 4749
2072 7053 4685
2072 7054 4507
2072 7055 6255
2072 7056 8968
2072 7057 8737
2072 7058 7128
2072 7059 2142
2072 7060 673
2072 7061 7883
2072 7062 8962
2072 7063 5876
2072 7064 4595
2072 7065 3766
2072 7066 4131
2072 7067 1137
2072 7068 1899
2072 7069 5422
2072 7070 8592
2072 7071 1346
2072 7072 3937
2072 7073 496
2072 7074 3496
2072 7075 4766
2072 7076 6173
2072 7077 2723
2072 7078 5263
2072 7079 8127
2072 7080 7367
2072 7081 6047
2072 7082 997
2072 7083 4358
2072 7084 1378
2072 7085 9058
2072 7086 9119
2072 7087 316
2072 7088 1358
2072 7089 5275
2072 7090 2548
2072 7091 8853
2072 7092 3795
2072 7093 9094
2072 7094 5530
2072 7095 8412
2072 7096 3401
2072 7097 8253
2072 7098 1991
2072 7099 7894
2073 7000 4268
2073 7001 2146
2073 7002 6743
2073 7003 2617
2073 7004 2034
2073 7005 2660
2073 7006 6049
2073 7007 6145
2073 7008 6885
2073 7009 7255
2073 7010 9033
2073 7011 31
2073 7012 2652
2073 7013 453
2073 7014 1227
2073 7015 1989
2073 7016 998
2073 7017 1656
2073 7018 351
2073 7019 7425
2073 7020 180
2073 7021 4046
2073 7022 3551
2073 7023 6068
2073 7024 726
2073 7025 5473
2073 7026 8954
2073 7027 2370
2073 7028 1269
2073 7029 8337
2073 7030 4991
2073 7031 6805
2073 7032 7444
2073 7033 4964
2073 7034 4928
2073 7035 9073
2073 7036 200
2073 7037 3998
2073 7038 8668
2073 7039 4124
2073 7040 9104
2073 7041 1925
2073 7042 1408
2073 7043 8975
2073 7044 2624
2073 7045 1341
2073 7046 3085
2073 7047 595
2073 7048 8607
2073 7049 5663
2073 7050 3839
2073 7051 7167
2073 7052 5985
2073 7053 6362
2073 7054 7367
2073 7055 5695
2073 7056 6310
2073 7057 164
2073 7058 1177
2073 7059 2542
2073 7060 2849
2073 7061 6076
2073 7062 5521
2073 7063 7331
2073 7064 3110
2073 7065 1360
2073 7066 6611
2073 7067 8362
2073 7068 7808
2073 7069 4894
2073 7070 3575
2073 7071 1686
2073 7072 6446
2073 7073 226
2073 7074 2197
2073 7075 8264
2073 7076 5430
2073 7077 5155
2073 7078 4362
2073 7079 4249
2073 7080 9080
2073 7081 4974
2073 7082 6762
2073 7083 373
2073 7084 1912
2073 7085 8543
2073 7086 4717
2073 7087 3422
2073 7088 872
2073 7089 2821
2073 7090 8303
2073 7091 5762
2073 7092 8759
2073 7093 4860
2073 7094 8410
2073 7095 399
2073 7096 3358
2073 7097 1035
2073 7098 725
2073 7099 3771
2074 7000 8073
2074 7001 7424
2074 7002 3502
2074 7003 477
2074 7004 5147
2074 7005 1652
2074 7006 3420
2074 7007 3790
2074 7008 4843
2074 7009 8077
2074 7010 1617
2074 7011 7967
2074 7012 2730
2074 7013 2878
2074 7014 3926
2074 7015 3074
2074 7016 5364
2074 7017 8769
2074 7018 1655
2074 7019 5232
2074 7020 5942
2074 7021 6981
2074 7022 2448
2074 7023 1618
2074 7024 4787
2074 7025 4342
2074 7026 1523
2074 7027 7205
2074 7028 3522
2074 7029 3511
2074 7030 809
2074 7031 6764
2074 7032 8651
2074 7033 4365
2074 7034 1852
2074 7035 47
2074 7036 616
2074 7037 7273
2074 7038 6144
2074 7039 8412
2074 7040 6665
2074 7041 2302
2074 7042 3145
2074 7043 2140
2074 7044 3959
2074 7045 6096
2074 7046 5829
2074 7047 2657
2074 7048 3837
2074 7049 6640
2074 7050 6483
2074 7051 6992
2074 7052 4439
2074 7053 7175
2074 7054 3063
2074 7055 530
2074 7056 8655
2074 7057 5072
2074 7058 4434
2074 7059 6537
2074 7060 5419
2074 7061 6422
2074 7062 5292
2074 7063 6130
2074 7064 565
2074 7065 7552
2074 7066 4176
2074 7067 9022
2074 7068 5410
2074 7069 349
2074 7070 7642
2074 7071 2984
2074 7072 3585
2074 7073 6592
2074 7074 7362
2074 7075 3186
2074 7076 1022
2074 7077 8600
2074 7078 6007
2074 7079 4755
2074 7080 8564
2074 7081 5463
2074 7082 2422
2074 7083 5413
2074 7084 1946
2074 7085 1092
2074 7086 2115
2074 7087 5130
2074 7088 7255
2074 7089 7168
2074 7090 8855
2074 7091 5460
2074 7092 789
2074 7093 2016
2074 7094 7275
2074 7095 7155
2074 7096 3891
2074 7097 5744
2074 7098 1562
2074 7099 2815
2075 7000 4836
2075 7001 1489
2075 7002 8853
2075 7003 953
2075 7004 8729
2075 7005 6462
2075 7006 2440
2075 7007 8188
2075 7008 5302
2075 7009 5360
2075 7010 8358
2075 7011 429
2075 7012 6073
2075 7013 2752
2075 7014 7555
2075 7015 8047
2075 7016 792
2075 7017 8681
2075 7018 4517
2075 7019 5017
2075 7020 2766
2075 7021 3821
2075 7022 4849
2075 7023 545
2075 7024 7542
2075 7025 6882
2075 7026 6384
2075 7027 3795
2075 7028 988
2075 7029 2337
2075 7030 7635
2075 7031 3272
2075 7032 1749
2075 7033 8695
2075 7034 877
2075 7035 5855
2075 7036 7264
2075 7037 7858
2075 7038 2131
2075 7039 1904
2075 7040 1593
2075 7041 3786
2075 7042 7748
2075 7043 5688
2075 7044 4349
2075 7045 2611
2075 7046 2036
2075 7047 4136
2075 7048 6044
2075 7049 4637
2075 7050 498
2075 7051 5556
2075 7052 6753
2075 7053 8815
2075 7054 5689
2075 7055 4443
2075 7056 6567
2075 7057 5319
2075 7058 1103
2075 7059 5941
2075 7060 1119
2075 7061 5666
2075 7062 5169
2075 7063 3237
2075 7064 7270
2075 7065 2986
2075 7066 2306
2075 7067 1819
2075 7068 7653
2075 7069 1524
2075 7070 7649
2075 7071 7277
2075 7072 4823
2075 7073 8306
2075 7074 4689
2075 7075 6770
2075 7076 1639
2075 7077 1226
2075 7078 375
2075 7079 7939
2075 7080 8888
2075 7081 5332
2075 7082 511
2075 7083 524
2075 7084 2211
2075 7085 2557
2075 7086 9079
2075 7087 5393
2075 7088 2542
2075 7089 2420
2075 7090 1627
2075 7091 5509
2075 7092 6851
2075 7093 3185
2075 7094 6750
2075 7095 1259
2075 7096 512
2075 7097 4833
2075 7098 6402
2075 7099 1703
2076 7000 2022
2076 7001 634
2076 7002 3155
2076 7003 5292
2076 7004 8100
2076 7005 5692
2076 7006 5519
2076 7007 3582
2076 7008 4636
2076 7009 4487
2076 7010 4886
2076 7011 4852
2076 7012 733
2076 7013 9054
2076 7014 5960
2076 7015 5844
2076 7016 3043
2076 7017 5043
2076 7018 2675
2076 7019 8117
2076 7020 7217
2076 7021 6104
2076 7022 6196
2076 7023 5550
2076 7024 2013
2076 7025 1895
2076 7026 4734
2076 7027 2032
2076 7028 8347
2076 7029 4012
2076 7030 4137
2076 7031 3082
2076 7032 8245
2076 7033 8053
2076 7034 3492
2076 7035 6460
2076 7036 7043
2076 7037 8501
2076 7038 2031
2076 7039 5497
2076 7040 1119
2076 7041 584
2076 7042 5472
2076 7043 862
2076 7044 7982
2076 7045 6381
2076 7046 808
2076 7047 7129
2076 7048 5773
2076 7049 7743
2076 7050 5044
2076 7051 7462
2076 7052 3111
2076 7053 3784
2076 7054 4881
2076 7055 5907
2076 7056 5422
2076 7057 1624
2076 7058 3501
2076 7059 7130
2076 7060 8108
2076 7061 1658
2076 7062 2722
2076 7063 2755
2076 7064 130
2076 7065 1884
2076 7066 5216
2076 7067 6342
2076 7068 8644
2076 7069 91
2076 7070 452
2076 7071 3443
2076 7072 4852
2076 7073 6106
2076 7074 240
2076 7075 4712
2076 7076 1488
2076 7077 3935
2076 7079 2281
2076 7080 1849
2076 7081 5
2076 7082 1748
2076 7083 459
2076 7084 3463
2076 7085 5830
2076 7086 1460
2076 7087 7478
2076 7088 8421
2076 7089 5283
2076 7090 2803
2076 7091 5999
2076 7092 6865
2076 7093 7689
2076 7094 6240
2076 7095 5552
2076 7096 2948
2076 7097 2611
2076 7098 7927
2076 7099 522
2077 7000 1477
2077 7001 7870
2077 7002 7238
2077 7003 2340
2077 7004 7915
2077 7005 5295
2077 7006 6957
2077 7007 6684
2077 7008 783
2077 7009 8163
2077 7010 8928
2077 7011 3318
2077 7012 1232
2077 7013 479
2077 7014 2042
2077 7015 7158
2077 7016 7140
2077 7017 2514
2077 7018 5444
2077 7019 7575
2077 7020 4099
2077 7021 5082
2077 7022 1873
2077 7023 109
2077 7024 3782
2077 7025 8586
2077 7026 1140
2077 7027 1469
2077 7028 7474
2077 7029 5583
2077 7030 2291
2077 7031 5029
2077 7032 6114
2077 7033 7176
2077 7034 3298
2077 7035 6300
2077 7036 4123
2077 7037 6293
2077 7038 308
2077 7039 2023
2077 7040 9051
2077 7041 7449
2077 7042 5985
2077 7043 9089
2077 7044 1740
2077 7045 6703
2077 7046 5101
2077 7047 7615
2077 7048 293
2077 7049 5953
2077 7050 1025
2077 7051 1200
2077 7052 3790
2077 7053 2189
2077 7054 7018
2077 7055 6274
2077 7056 4049
2077 7057 2900
2077 7058 1555
2077 7059 5689
2077 7060 2503
2077 7061 6183
2077 7062 699
2077 7063 4598
2077 7064 3156
2077 7065 1272
2077 7066 3573
2077 7067 4574
2077 7068 5946
2077 7069 8198
2077 7070 3072
2077 7071 4185
2077 7072 844
2077 7073 4831
2077 7074 5296
2077 7075 4448
2077 7076 4486
2077 7077 6274
2077 7078 6761
2077 7079 830
2077 7080 792
2077 7081 1517
2077 7082 8914
2077 7083 485
2077 7084 8457
2077 7085 7779
2077 7086 5653
2077 7087 7415
2077 7088 5541
2077 7089 1590
2077 7090 996
2077 7091 1850
2077 7092 2651
2077 7093 7751
2077 7094 6877
2077 7095 1819
2077 7096 4255
2077 7097 2918
2077 7098 4423
2077 7099 6110
2078 7000 8651
2078 7001 5285
2078 7002 2280
2078 7003 5974
2078 7004 6070
2078 7005 4874
2078 7006 8538
2078 7007 5891
2078 7008 7093
2078 7009 1990
2078 7010 1717
2078 7011 8098
2078 7012 8744
2078 7013 2813
2078 7014 2873
2078 7015 5528
2078 7016 4314
2078 7017 7816
2078 7018 473
2078 7019 891
2078 7020 243
2078 7021 2301
2078 7022 3626
2078 7023 4530
2078 7024 2106
2078 7025 6153
2078 7026 2967
2078 7027 4724
2078 7028 1741
2078 7029 5262
2078 7030 7750
2078 7031 4435
2078 7032 1302
2078 7033 7292
2078 7034 8224
2078 7035 5662
2078 7036 8058
2078 7037 8896
2078 7038 43
2078 7039 5168
2078 7040 8537
2078 7041 5317
2078 7042 3455
2078 7043 7951
2078 7044 9036
2078 7045 587
2078 7046 3997
2078 7047 5076
2078 7048 8814
2078 7049 8122
2078 7050 5563
2078 7051 7280
2078 7052 1216
2078 7053 1291
2078 7054 7794
2078 7055 5528
2078 7056 2084
2078 7057 6925
2078 7058 8957
2078 7059 4318
2078 7060 5771
2078 7061 653
2078 7062 6937
2078 7063 913
2078 7064 8821
2078 7065 1928
2078 7066 5213
2078 7067 3590
2078 7068 9052
2078 7069 2011
2078 7070 5535
2078 7071 7722
2078 7072 4883
2078 7073 5526
2078 7074 3839
2078 7075 7567
2078 7076 6445
2078 7077 299
2078 7078 7320
2078 7079 5000
2078 7080 774
2078 7081 3676
2078 7082 3157
2078 7083 794
2078 7084 6520
2078 7085 5868
2078 7086 5887
2078 7087 6777
2078 7088 2151
2078 7089 7813
2078 7090 7768
2078 7091 2821
2078 7092 1017
2078 7093 88
2078 7094 4659
2078 7095 7354
2078 7096 2835
2078 7097 8129
2078 7098 812
2078 7099 3512
2079 7000 8539
2079 7001 7820
2079 7002 2581
2079 7003 6796
2079 7004 7381
2079 7005 8641
2079 7006 5422
2079 7007 5040
2079 7008 4362
2079 7009 6685
2079 7010 4650
2079 7011 8536
2079 7012 3474
2079 7013 7150
2079 7014 3293
2079 7015 1571
2079 7016 3606
2079 7017 4470
2079 7018 7289
2079 7019 6634
2079 7020 3123
2079 7021 2253
2079 7022 4940
2079 7023 591
2079 7024 5612
2079 7025 6348
2079 7026 1553
2079 7027 4537
2079 7028 5429
2079 7029 3915
2079 7030 6217
2079 7031 2975
2079 7032 8049
2079 7033 812
2079 7034 4071
2079 7035 3741
2079 7036 6121
2079 7037 7051
2079 7038 66
2079 7039 8010
2079 7040 7022
2079 7041 3332
2079 7042 4061
2079 7043 6622
2079 7044 1807
2079 7045 3597
2079 7046 1406
2079 7047 558
2079 7048 6776
2079 7049 3451
2079 7050 1594
2079 7051 6611
2079 7052 4164
2079 7053 3008
2079 7054 5653
2079 7055 7617
2079 7056 7369
2079 7057 8395
2079 7058 8198
2079 7059 8875
2079 7060 7314
2079 7061 6474
2079 7062 4278
2079 7063 589
2079 7064 1748
2079 7065 1012
2079 7066 7523
2079 7067 7602
2079 7068 27
2079 7069 435
2079 7070 8956
2079 7071 1250
2079 7072 760
2079 7073 2543
2079 7074 4028
2079 7075 1949
2079 7076 7112
2079 7077 5607
2079 7078 2751
2079 7079 8681
2079 7080 2757
2079 7081 7397
2079 7082 2280
2079 7083 2134
2079 7084 2922
2079 7085 1714
2079 7086 63
2079 7087 555
2079 7088 8765
2079 7089 1641
2079 7090 5593
2079 7091 8722
2079 7092 5748
2079 7093 6717
2079 7094 6644
2079 7095 5467
2079 7096 473
2079 7097 7927
2079 7098 6809
2079 7099 289
2080 7000 1357
2080 7001 3442
2080 7002 2778
2080 7003 376
2080 7004 2348
2080 7005 6792
2080 7006 2705
2080 7007 812
2080 7008 5537
2080 7009 3891
2080 7010 6513
2080 7011 7210
2080 7012 4599
2080 7013 4646
2080 7014 1508
2080 7015 8804
2080 7016 8198
2080 7017 3232
2080 7018 8667
2080 7019 628
2080 7020 1568
2080 7021 8439
2080 7022 191
2080 7023 8944
2080 7024 7942
2080 7025 119
2080 7026 7783
2080 7027 945
2080 7028 5670
2080 7029 7462
2080 7030 2854
2080 7031 1234
2080 7032 5160
2080 7033 4500
2080 7034 4733
2080 7035 1746
2080 7036 7176
2080 7037 158
2080 7038 7872
2080 7039 7366
2080 7040 6602
2080 7041 6355
2080 7042 648
2080 7043 6737
2080 7044 4683
2080 7045 2775
2080 7046 7596
2080 7047 7496
2080 7048 1640
2080 7049 1544
2080 7050 6893
2080 7051 8467
2080 7052 7444
2080 7053 2841
2080 7054 3135
2080 7055 6496
2080 7056 1610
2080 7057 2678
2080 7058 6990
2080 7059 3264
2080 7060 4461
2080 7061 5964
2080 7062 8888
2080 7063 1877
2080 7064 6425
2080 7065 906
2080 7066 660
2080 7067 7357
2080 7068 4956
2080 7069 8734
2080 7070 1251
2080 7071 258
2080 7072 1385
2080 7073 3669
2080 7074 3013
2080 7075 6786
2080 7076 576
2080 7077 2816
2080 7078 4412
2080 7079 6188
2080 7080 5968
2080 7081 4350
2080 7082 146
2080 7083 1585
2080 7084 8080
2080 7085 188
2080 7086 1988
2080 7087 4938
2080 7088 7928
2080 7089 3807
2080 7090 5879
2080 7091 2413
2080 7092 8962
2080 7093 5481
2080 7094 8809
2080 7095 3370
2080 7096 1109
2080 7097 2631
2080 7098 3023
2080 7099 6095
2081 7000 2982
2081 7001 5034
2081 7002 6947
2081 7003 5812
2081 7004 3724
2081 7005 3028
2081 7006 6409
2081 7007 6951
2081 7008 6207
2081 7009 6272
2081 7010 165
2081 7011 1933
2081 7012 3694
2081 7013 2830
2081 7014 8016
2081 7015 2227
2081 7016 7530
2081 7017 8799
2081 7018 530
2081 7019 7734
2081 7020 2287
2081 7021 1058
2081 7022 5881
2081 7023 3551
2081 7024 4728
2081 7025 4921
2081 7026 2505
2081 7027 3245
2081 7028 6715
2081 7029 7447
2081 7030 2358
2081 7031 1888
2081 7032 3301
2081 7033 7101
2081 7034 5989
2081 7035 3556
2081 7036 8691
2081 7037 2129
2081 7038 6313
2081 7039 6324
2081 7040 1054
2081 7041 6445
2081 7042 1866
2081 7043 2102
2081 7044 8310
2081 7045 1743
2081 7046 2092
2081 7047 2771
2081 7048 7551
2081 7049 5225
2081 7050 1091
2081 7051 6568
2081 7052 2952
2081 7053 4159
2081 7054 5899
2081 7055 2142
2081 7056 8217
2081 7057 1197
2081 7058 7799
2081 7059 2223
2081 7060 9134
2081 7061 6315
2081 7062 5862
2081 7063 2922
2081 7064 8376
2081 7065 6420
2081 7066 6419
2081 7067 1156
2081 7068 3915
2081 7069 1411
2081 7070 6019
2081 7071 5267
2081 7072 4286
2081 7073 8690
2081 7074 1143
2081 7075 6927
2081 7076 4281
2081 7077 5614
2081 7078 1043
2081 7079 3537
2081 7080 7627
2081 7081 3024
2081 7082 6932
2081 7083 1938
2081 7084 4231
2081 7085 6005
2081 7086 8745
2081 7087 8595
2081 7088 4909
2081 7089 5901
2081 7090 3009
2081 7091 4986
2081 7092 2216
2081 7093 1354
2081 7094 4419
2081 7095 1829
2081 7096 8776
2081 7097 6281
2081 7098 6764
2081 7099 6217
2082 7000 263
2082 7001 7813
2082 7002 4159
2082 7003 9060
2082 7004 8333
2082 7005 5499
2082 7006 2516
2082 7007 8182
2082 7008 6433
2082 7009 4505
2082 7010 5894
2082 7011 2985
2082 7012 6627
2082 7013 3016
2082 7014 3148
2082 7015 7672
2082 7016 3630
2082 7017 7635
2082 7018 8247
2082 7019 409
2082 7020 6310
2082 7021 6303
2082 7022 7362
2082 7023 6844
2082 7024 360
2082 7025 6906
2082 7026 2191
2082 7027 4178
2082 7028 1979
2082 7029 8706
2082 7030 8368
2082 7031 7388
2082 7032 355
2082 7033 4124
2082 7034 5223
2082 7035 2911
2082 7036 3901
2082 7037 2811
2082 7038 4672
2082 7039 6353
2082 7040 4791
2082 7041 2985
2082 7042 6569
2082 7043 6344
2082 7044 4165
2082 7045 7013
2082 7046 5659
2082 7047 2601
2082 7048 7877
2082 7049 7260
2082 7050 4958
2082 7051 6721
2082 7052 3203
2082 7053 2443
2082 7054 2124
2082 7055 5080
2082 7056 5152
2082 7057 1002
2082 7058 7136
2082 7059 936
2082 7060 2259
2082 7061 9132
2082 7062 3844
2082 7063 5512
2082 7064 6543
2082 7065 5508
2082 7066 5830
2082 7067 3063
2082 7068 2885
2082 7069 5134
2082 7070 9012
2082 7071 1385
2082 7072 5411
2082 7073 5403
2082 7074 5229
2082 7075 8968
2082 7076 8707
2082 7077 6813
2082 7078 6119
2082 7079 1831
2082 7080 4120
2082 7081 5658
2082 7082 2143
2082 7083 4846
2082 7084 7237
2082 7085 4898
2082 7086 7820
2082 7087 7201
2082 7088 8130
2082 7089 3736
2082 7090 5843
2082 7091 9136
2082 7092 4362
2082 7093 6790
2082 7094 4949
2082 7095 6857
2082 7096 3787
2082 7097 8776
2082 7098 5809
2082 7099 2077
2083 7000 913
2083 7001 7225
2083 7002 5196
2083 7003 6044
2083 7004 7904
2083 7005 1505
2083 7006 5959
2083 7007 479
2083 7008 2575
2083 7009 8474
2083 7010 4595
2083 7011 6958
2083 7012 3720
2083 7013 7401
2083 7014 3645
2083 7015 2122
2083 7016 3009
2083 7017 8521
2083 7018 853
2083 7019 1824
2083 7020 555
2083 7021 5930
2083 7022 8637
2083 7023 7957
2083 7024 2907
2083 7025 8321
2083 7026 6694
2083 7027 5051
2083 7028 2538
2083 7029 7829
2083 7030 8046
2083 7031 5667
2083 7032 7358
2083 7033 6125
2083 7034 7702
2083 7035 3593
2083 7036 8435
2083 7037 7902
2083 7038 5106
2083 7039 8473
2083 7040 9061
2083 7041 1843
2083 7042 5027
2083 7043 5214
2083 7044 4236
2083 7045 275
2083 7046 3053
2083 7047 7790
2083 7048 1959
2083 7049 2609
2083 7050 8026
2083 7051 6047
2083 7052 3231
2083 7053 7627
2083 7054 6004
2083 7055 2321
2083 7056 3024
2083 7057 8184
2083 7058 5754
2083 7059 4819
2083 7060 7567
2083 7061 6718
2083 7062 4416
2083 7063 2588
2083 7064 4083
2083 7065 4309
2083 7066 7692
2083 7067 952
2083 7068 1334
2083 7069 3582
2083 7070 437
2083 7071 6615
2083 7072 6375
2083 7073 4680
2083 7074 54
2083 7075 336
2083 7076 1359
2083 7077 3169
2083 7078 3972
2083 7079 7921
2083 7080 88
2083 7081 7769
2083 7082 2614
2083 7083 1800
2083 7084 5115
2083 7085 5047
2083 7086 605
2083 7087 2224
2083 7088 2987
2083 7089 8741
2083 7090 1357
2083 7091 4146
2083 7092 1465
2083 7093 6028
2083 7094 6519
2083 7095 7267
2083 7096 5907
2083 7097 3049
2083 7098 2193
2083 7099 652
2084 7000 6655
2084 7001 8134
2084 7002 6898
2084 7003 7030
2084 7004 8354
2084 7005 2579
2084 7006 738
2084 7007 5020
2084 7008 7670
2084 7009 3447
2084 7010 4336
2084 7012 4890
2084 7013 5580
2084 7014 7846
2084 7015 2920
2084 7016 1587
2084 7017 5767
2084 7018 8420
2084 7019 7339
2084 7020 1694
2084 7021 6055
2084 7022 5607
2084 7023 4241
2084 7024 5071
2084 7025 4183
2084 7026 8596
2084 7027 6920
2084 7028 4144
2084 7029 2308
2084 7030 8317
2084 7031 7645
2084 7032 7305
2084 7033 1660
2084 7034 8752
2084 7035 515
2084 7036 7151
2084 7037 3561
2084 7038 4950
2084 7039 2428
2084 7040 766
2084 7041 132
2084 7042 9040
2084 7043 4620
2084 7044 1023
2084 7045 6262
2084 7046 6179
2084 7047 8240
2084 7048 7513
2084 7049 8476
2084 7050 4966
2084 7051 7712
2084 7052 8435
2084 7053 3235
2084 7054 4977
2084 7055 5388
2084 7056 6877
2084 7057 9087
2084 7058 856
2084 7059 7063
2084 7060 3926
2084 7061 5086
2084 7062 3928
2084 7063 223
2084 7064 5802
2084 7065 8057
2084 7066 1871
2084 7067 3876
2084 7068 8116
2084 7069 2922
2084 7070 5937
2084 7071 9011
2084 7072 2188
2084 7073 6659
2084 7074 7092
2084 7075 5147
2084 7076 6820
2084 7077 1497
2084 7078 5284
2084 7079 3309
2084 7080 5265
2084 7081 3356
2084 7082 5856
2084 7083 8958
2084 7084 3451
2084 7085 6680
2084 7086 3163
2084 7087 6944
2084 7088 2852
2084 7089 1973
2084 7090 257
2084 7091 2371
2084 7092 2907
2084 7093 8274
2084 7094 2040
2084 7095 857
2084 7096 8312
2084 7097 2817
2084 7098 4820
2084 7099 5613
2085 7000 5516
2085 7001 2332
2085 7002 7494
2085 7003 7582
2085 7004 5872
2085 7005 5392
2085 7006 7828
2085 7007 3569
2085 7008 4605
2085 7009 8889
2085 7010 60
2085 7011 4378
2085 7012 6354
2085 7013 503
2085 7014 4199
2085 7015 3670
2085 7016 2007
2085 7017 2251
2085 7018 3476
2085 7019 7584
2085 7020 1743
2085 7021 2617
2085 7022 3735
2085 7023 2711
2085 7025 1320
2085 7026 1546
2085 7027 3486
2085 7028 3982
2085 7029 541
2085 7030 2445
2085 7031 8269
2085 7032 6416
2085 7033 910
2085 7034 7954
2085 7035 5742
2085 7036 1883
2085 7037 3206
2085 7038 1954
2085 7039 6667
2085 7040 8808
2085 7041 801
2085 7042 1823
2085 7043 7890
2085 7044 5520
2085 7045 8744
2085 7046 6963
2085 7047 4007
2085 7048 7374
2085 7049 5404
2085 7050 385
2085 7051 62
2085 7052 6035
2085 7053 3059
2085 7054 3717
2085 7055 3372
2085 7056 7155
2085 7057 1257
2085 7058 1690
2085 7059 8839
2085 7060 1886
2085 7061 1529
2085 7062 2625
2085 7063 2822
2085 7064 8654
2085 7065 5219
2085 7066 8591
2085 7067 2362
2085 7068 1986
2085 7069 166
2085 7070 8198
2085 7071 3921
2085 7072 2534
2085 7073 5410
2085 7074 2157
2085 7075 7956
2085 7076 1956
2085 7077 4166
2085 7078 764
2085 7079 4602
2085 7080 5985
2085 7081 7182
2085 7082 8103
2085 7083 8233
2085 7084 7924
2085 7085 2354
2085 7086 870
2085 7087 921
2085 7088 6387
2085 7089 4279
2085 7090 494
2085 7091 1923
2085 7092 8760
2085 7093 1298
2085 7094 4956
2085 7095 2878
2085 7096 235
2085 7097 4460
2085 7098 434
2085 7099 98
2086 7000 5074
2086 7001 6113
2086 7002 3328
2086 7003 2810
2086 7004 8591
2086 7005 7329
2086 7006 5415
2086 7007 130
2086 7008 1340
2086 7009 8425
2086 7010 4350
2086 7011 7396
2086 7012 1015
2086 7013 3199
2086 7014 8205
2086 7015 6758
2086 7016 4715
2086 7017 3529
2086 7018 6479
2086 7019 939
2086 7020 4430
2086 7021 4358
2086 7022 2743
2086 7023 6800
2086 7024 7802
2086 7025 410
2086 7026 745
2086 7027 753
2086 7028 3070
2086 7029 8275
2086 7030 1981
2086 7031 49
2086 7032 993
2086 7033 4268
2086 7034 2890
2086 7035 416
2086 7036 7869
2086 7037 6906
2086 7038 4004
2086 7039 3574
2086 7040 5693
2086 7041 4808
2086 7042 4783
2086 7043 8109
2086 7044 7699
2086 7045 6671
2086 7046 5047
2086 7047 5510
2086 7048 1220
2086 7049 6044
2086 7050 4915
2086 7051 3198
2086 7052 2136
2086 7053 6819
2086 7054 7353
2086 7055 4072
2086 7056 6274
2086 7057 5964
2086 7058 604
2086 7059 2448
2086 7060 4718
2086 7061 6434
2086 7062 2254
2086 7063 2305
2086 7064 229
2086 7065 4262
2086 7066 5083
2086 7067 3695
2086 7068 7822
2086 7069 402
2086 7070 4827
2086 7071 3710
2086 7072 6302
2086 7073 8390
2086 7074 3897
2086 7075 6382
2086 7076 5281
2086 7077 8408
2086 7078 6299
2086 7079 1736
2086 7080 692
2086 7081 6352
2086 7082 5884
2086 7083 1492
2086 7084 172
2086 7085 8970
2086 7086 142
2086 7087 8434
2086 7088 1985
2086 7089 6482
2086 7090 3976
2086 7091 5669
2086 7092 699
2086 7093 1785
2086 7094 100
2086 7095 770
2086 7097 3926
2086 7098 8264
2086 7099 6358
2087 7000 779
2087 7001 960
2087 7002 2743
2087 7003 3591
2087 7004 6827
2087 7005 6720
2087 7006 5562
2087 7007 8493
2087 7008 7270
2087 7009 3626
2087 7010 7387
2087 7011 1754
2087 7012 3282
2087 7013 4152
2087 7014 7191
2087 7015 6742
2087 7016 2458
2087 7017 7644
2087 7018 102
2087 7019 2732
2087 7020 8833
2087 7021 1174
2087 7022 833
2087 7023 2635
2087 7024 2467
2087 7025 2572
2087 7026 4824
2087 7027 6372
2087 7028 7091
2087 7029 2158
2087 7030 4772
2087 7031 8454
2087 7032 2055
2087 7033 2235
2087 7034 2583
2087 7035 1564
2087 7036 1939
2087 7037 5733
2087 7038 6550
2087 7039 1126
2087 7040 2006
2087 7041 1737
2087 7042 6389
2087 7043 8533
2087 7044 922
2087 7045 8330
2087 7046 156
2087 7047 4021
2087 7048 7369
2087 7049 5958
2087 7050 1887
2087 7051 1582
2087 7052 2438
2087 7053 8260
2087 7054 8325
2087 7055 6814
2087 7056 7390
2087 7057 8945
2087 7058 6299
2087 7059 7556
2087 7060 7770
2087 7061 8131
2087 7062 8325
2087 7063 6031
2087 7064 4645
2087 7065 9000
2087 7066 5954
2087 7067 7845
2087 7068 5744
2087 7069 7670
2087 7070 625
2087 7071 5282
2087 7072 8521
2087 7073 7890
2087 7074 4699
2087 7075 2255
2087 7076 2794
2087 7077 7574
2087 7078 8297
2087 7079 9139
2087 7080 4015
2087 7081 2242
2087 7082 2296
2087 7083 260
2087 7084 5406
2087 7085 3598
2087 7086 2600
2087 7087 8632
2087 7088 4294
2087 7089 18
2087 7090 3044
2087 7091 295
2087 7092 7942
2087 7093 3157
2087 7094 8334
2087 7095 7097
2087 7096 3461
2087 7097 4873
2087 7098 954
2087 7099 8685
2088 7000 980
2088 7001 4631
2088 7002 4935
2088 7003 8796
2088 7004 4309
2088 7005 5388
2088 7006 5052
2088 7007 5171
2088 7008 1311
2088 7009 7291
2088 7010 2151
2088 7011 2134
2088 7012 8050
2088 7013 5916
2088 7014 6081
2088 7015 4362
2088 7016 499
2088 7017 2393
2088 7018 7169
2088 7019 2236
2088 7020 542
2088 7021 8501
2088 7022 6999
2088 7023 5971
2088 7024 7347
2088 7025 6847
2088 7026 6042
2088 7027 5420
2088 7028 7772
2088 7029 4196
2088 7030 7531
2088 7031 7263
2088 7032 8180
2088 7033 7663
2088 7034 2250
2088 7035 2014
2088 7036 1136
2088 7037 6746
2088 7038 5050
2088 7039 7806
2088 7040 6163
2088 7041 2211
2088 7042 8976
2088 7043 3013
2088 7044 7954
2088 7045 2392
2088 7046 982
2088 7047 3577
2088 7048 7452
2088 7049 3422
2088 7050 2258
2088 7051 445
2088 7052 4137
2088 7053 6742
2088 7054 7359
2088 7055 452
2088 7056 4675
2088 7057 8103
2088 7058 4579
2088 7059 8371
2088 7060 99
2088 7061 7201
2088 7062 1313
2088 7063 6668
2088 7064 5619
2088 7065 4361
2088 7066 7766
2088 7067 8778
2088 7068 5629
2088 7069 6687
2088 7070 3594
2088 7071 7848
2088 7072 4875
2088 7073 2796
2088 7074 7005
2088 7075 1338
2088 7076 6230
2088 7077 7003
2088 7078 7365
2088 7079 4235
2088 7080 7458
2088 7081 478
2088 7082 3465
2088 7083 387
2088 7084 8993
2088 7085 5158
2088 7086 2128
2088 7087 3854
2088 7088 1584
2088 7089 1369
2088 7090 7723
2088 7091 3302
2088 7092 3450
2088 7093 8206
2088 7094 2500
2088 7095 6096
2088 7096 1583
2088 7097 6058
2088 7098 710
2088 7099 4129
2089 7000 3230
2089 7001 879
2089 7002 7596
2089 7003 3883
2089 7004 3029
2089 7005 9065
2089 7006 8882
2089 7007 3255
2089 7008 7254
2089 7009 6153
2089 7010 2292
2089 7011 1576
2089 7012 5802
2089 7013 4474
2089 7014 8284
2089 7015 2765
2089 7016 5667
2089 7017 2516
2089 7018 4530
2089 7019 1850
2089 7020 2921
2089 7021 6987
2089 7022 742
2089 7023 5311
2089 7024 7959
2089 7025 7300
2089 7026 7562
2089 7027 2668
2089 7028 4407
2089 7029 3198
2089 7030 3731
2089 7031 2451
2089 7032 4624
2089 7033 5121
2089 7034 4365
2089 7035 7457
2089 7036 5389
2089 7037 4007
2089 7038 8579
2089 7039 3870
2089 7040 1772
2089 7041 5475
2089 7042 7187
2089 7043 8814
2089 7044 5111
2089 7045 3309
2089 7046 8192
2089 7047 1454
2089 7048 6443
2089 7049 5835
2089 7050 5510
2089 7051 4327
2089 7052 8055
2089 7053 4054
2089 7054 7067
2089 7055 8662
2089 7056 5987
2089 7057 776
2089 7058 2113
2089 7059 6079
2089 7060 2731
2089 7061 1984
2089 7062 2379
2089 7063 956
2089 7064 4016
2089 7065 6365
2089 7066 6274
2089 7067 3410
2089 7068 6977
2089 7069 1340
2089 7070 1813
2089 7071 4565
2089 7072 2975
2089 7073 7781
2089 7074 6896
2089 7075 5158
2089 7076 8957
2089 7077 4550
2089 7078 5811
2089 7079 6356
2089 7080 7610
2089 7081 274
2089 7082 5124
2089 7083 661
2089 7084 8132
2089 7085 7784
2089 7086 8086
2089 7087 1846
2089 7088 6897
2089 7089 6525
2089 7090 5912
2089 7091 1325
2089 7092 8026
2089 7093 226
2089 7094 7267
2089 7095 8617
2089 7096 7033
2089 7097 1820
2089 7098 1916
2089 7099 8765
2090 7000 5623
2090 7001 2093
2090 7002 7821
2090 7003 1771
2090 7004 3978
2090 7005 7387
2090 7006 7576
2090 7007 306
2090 7008 6339
2090 7009 4025
2090 7010 7263
2090 7011 8501
2090 7012 1649
2090 7013 6825
2090 7014 1616
2090 7015 136
2090 7016 5488
2090 7017 1085
2090 7018 6348
2090 7019 827
2090 7020 7460
2090 7021 3671
2090 7022 6208
2090 7023 222
2090 7024 3890
2090 7025 6152
2090 7026 7152
2090 7027 6227
2090 7028 5473
2090 7029 4377
2090 7030 1806
2090 7031 3732
2090 7032 6850
2090 7033 8910
2090 7034 1532
2090 7035 8730
2090 7036 2533
2090 7037 7362
2090 7038 1392
2090 7039 5276
2090 7040 5792
2090 7041 1693
2090 7042 2578
2090 7043 4683
2090 7044 1865
2090 7045 1424
2090 7046 7442
2090 7047 1888
2090 7048 361
2090 7049 1556
2090 7050 650
2090 7051 6152
2090 7052 4968
2090 7053 2598
2090 7054 1058
2090 7055 4468
2090 7056 103
2090 7057 2931
2090 7058 5517
2090 7059 1597
2090 7060 2796
2090 7061 5246
2090 7062 8910
2090 7063 1390
2090 7064 4227
2090 7065 7113
2090 7066 7348
2090 7067 9032
2090 7068 2338
2090 7069 4427
2090 7070 723
2090 7071 5558
2090 7072 2815
2090 7073 1006
2090 7074 4412
2090 7075 1953
2090 7076 7438
2090 7077 7506
2090 7078 2564
2090 7079 5722
2090 7080 500
2090 7081 1773
2090 7082 4587
2090 7083 1314
2090 7084 1022
2090 7085 2507
2090 7086 1197
2090 7087 8200
2090 7088 6723
2090 7089 1569
2090 7090 3001
2090 7091 5676
2090 7092 6524
2090 7093 1429
2090 7094 1198
2090 7095 660
2090 7096 1189
2090 7097 2855
2090 7098 33
2090 7099 2554
2091 7000 7366
2091 7001 1681
2091 7002 4724
2091 7003 5930
2091 7004 7735
2091 7005 2681
2091 7006 5787
2091 7007 3442
2091 7008 6152
2091 7009 8966
2091 7010 2178
2091 7011 1585
2091 7012 630
2091 7013 4802
2091 7014 8687
2091 7015 8734
2091 7016 5071
2091 7017 286
2091 7018 8769
2091 7019 6877
2091 7020 8165
2091 7021 5392
2091 7022 247
2091 7023 667
2091 7024 8961
2091 7025 1310
2091 7026 4557
2091 7027 931
2091 7028 6346
2091 7029 3936
2091 7030 6693
2091 7031 239
2091 7032 8938
2091 7033 8299
2091 7034 1217
2091 7035 2697
2091 7036 8884
2091 7037 3387
2091 7038 3041
2091 7039 3846
2091 7040 4006
2091 7041 4679
2091 7042 1688
2091 7043 4949
2091 7044 1579
2091 7045 2687
2091 7046 6496
2091 7047 759
2091 7048 5104
2091 7049 1217
2091 7050 2859
2091 7051 8903
2091 7052 7097
2091 7053 3395
2091 7054 7117
2091 7055 8137
2091 7056 4250
2091 7057 7082
2091 7058 6325
2091 7059 7267
2091 7060 7165
2091 7061 5209
2091 7062 7123
2091 7063 4208
2091 7064 4125
2091 7065 3642
2091 7066 2020
2091 7067 5956
2091 7068 2534
2091 7069 3674
2091 7070 4912
2091 7071 2222
2091 7072 1203
2091 7073 2348
2091 7074 5227
2091 7075 2198
2091 7076 4283
2091 7077 7224
2091 7078 5601
2091 7079 533
2091 7080 3686
2091 7081 7071
2091 7082 3201
2091 7083 4604
2091 7084 6865
2091 7085 6343
2091 7086 2238
2091 7087 6198
2091 7088 5038
2091 7089 2334
2091 7090 3032
2091 7091 5681
2091 7092 2147
2091 7093 2923
2091 7094 4739
2091 7095 2503
2091 7096 6852
2091 7097 8462
2091 7098 7882
2091 7099 1676
2092 7000 1917
2092 7001 7343
2092 7002 4305
2092 7003 7218
2092 7004 7589
2092 7005 6179
2092 7006 453
2092 7007 5689
2092 7008 7662
2092 7009 8220
2092 7010 5856
2092 7011 8575
2092 7012 3384
2092 7013 7137
2092 7014 8814
2092 7015 3356
2092 7016 5314
2092 7017 2301
2092 7018 129
2092 7019 6880
2092 7020 3927
2092 7021 1439
2092 7022 8986
2092 7023 8344
2092 7024 685
2092 7025 329
2092 7026 1032
2092 7027 6130
2092 7028 3050
2092 7029 1123
2092 7030 782
2092 7031 6286
2092 7032 5480
2092 7033 3806
2092 7034 6895
2092 7035 2163
2092 7036 8880
2092 7037 7993
2092 7038 35
2092 7039 3620
2092 7040 8241
2092 7041 8191
2092 7042 2732
2092 7043 3690
2092 7044 4621
2092 7045 8731
2092 7046 6884
2092 7047 1446
2092 7048 1848
2092 7049 928
2092 7050 339
2092 7051 6071
2092 7052 2554
2092 7053 7401
2092 7054 2137
2092 7055 6123
2092 7056 1340
2092 7057 351
2092 7058 1559
2092 7059 7546
2092 7060 579
2092 7061 367
2092 7062 5924
2092 7063 8199
2092 7064 6765
2092 7065 5401
2092 7066 146
2092 7067 860
2092 7068 2557
2092 7069 3912
2092 7070 7701
2092 7071 1896
2092 7072 5550
2092 7073 5482
2092 7074 2950
2092 7075 5776
2092 7076 3731
2092 7077 6099
2092 7078 6438
2092 7079 6804
2092 7080 6699
2092 7081 2041
2092 7082 481
2092 7083 3319
2092 7084 9115
2092 7085 1496
2092 7086 7196
2092 7087 4198
2092 7088 4111
2092 7089 1613
2092 7090 366
2092 7091 483
2092 7092 8921
2092 7093 7026
2092 7094 4976
2092 7095 4702
2092 7096 804
2092 7097 1741
2092 7098 8858
2092 7099 5426
2093 7000 303
2093 7001 6522
2093 7002 3545
2093 7003 3387
2093 7004 8602
2093 7005 1514
2093 7006 530
2093 7007 4322
2093 7008 1360
2093 7009 7100
2093 7010 5963
2093 7011 2552
2093 7012 1393
2093 7013 7543
2093 7014 8047
2093 7015 1774
2093 7016 6309
2093 7017 113
2093 7018 6221
2093 7019 3100
2093 7020 8736
2093 7021 1949
2093 7022 1104
2093 7023 3609
2093 7024 2562
2093 7025 1036
2093 7026 2210
2093 7027 7515
2093 7028 7933
2093 7029 1869
2093 7030 3928
2093 7031 4743
2093 7032 4967
2093 7033 7436
2093 7034 7380
2093 7035 8812
2093 7036 7113
2093 7037 6801
2093 7038 4592
2093 7039 7724
2093 7040 5092
2093 7041 7507
2093 7042 1236
2093 7043 941
2093 7044 2311
2093 7045 8849
2093 7046 3708
2093 7047 8711
2093 7048 5898
2093 7049 2180
2093 7050 2219
2093 7051 6451
2093 7052 5130
2093 7053 3322
2093 7054 2351
2093 7055 519
2093 7056 299
2093 7057 125
2093 7058 3751
2093 7059 4935
2093 7060 5522
2093 7061 1319
2093 7062 5573
2093 7063 1754
2093 7064 5190
2093 7065 5395
2093 7066 3685
2093 7067 2702
2093 7068 4763
2093 7069 1111
2093 7070 3321
2093 7071 52
2093 7072 5838
2093 7073 130
2093 7074 1670
2093 7075 7201
2093 7076 9056
2093 7077 3025
2093 7078 3484
2093 7079 7573
2093 7080 6864
2093 7081 7029
2093 7082 92
2093 7083 7678
2093 7084 8732
2093 7085 2770
2093 7086 2186
2093 7087 2751
2093 7088 5639
2093 7089 6183
2093 7090 2765
2093 7091 8344
2093 7092 2450
2093 7093 8235
2093 7094 5490
2093 7095 8902
2093 7096 1736
2093 7097 6645
2093 7098 1804
2093 7099 8795
2094 7000 527
2094 7001 2006
2094 7002 5702
2094 7003 1690
2094 7004 3967
2094 7005 4277
2094 7006 4357
2094 7007 6003
2094 7008 804
2094 7009 23
2094 7010 6859
2094 7011 6979
2094 7012 105
2094 7013 2029
2094 7014 7897
2094 7015 1195
2094 7016 3077
2094 7017 593
2094 7018 1815
2094 7019 4148
2094 7020 2202
2094 7021 1846
2094 7022 4248
2094 7023 5542
2094 7024 4581
2094 7025 4567
2094 7026 2784
2094 7027 5394
2094 7028 2040
2094 7029 4755
2094 7030 405
2094 7031 5667
2094 7032 1499
2094 7033 7010
2094 7034 3874
2094 7035 3766
2094 7036 8402
2094 7037 1343
2094 7038 2494
2094 7039 3676
2094 7040 3550
2094 7041 5547
2094 7042 4674
2094 7043 236
2094 7044 4522
2094 7045 5860
2094 7046 3137
2094 7047 8481
2094 7048 8729
2094 7049 6933
2094 7050 7768
2094 7051 5676
2094 7052 775
2094 7053 2843
2094 7054 6636
2094 7055 3707
2094 7056 7032
2094 7057 5392
2094 7058 2629
2094 7059 8892
2094 7060 9004
2094 7061 4763
2094 7062 1668
2094 7063 3483
2094 7064 8354
2094 7065 7044
2094 7066 8214
2094 7067 1099
2094 7068 648
2094 7069 5525
2094 7070 4788
2094 7071 617
2094 7072 500
2094 7073 1192
2094 7074 7042
2094 7075 8894
2094 7076 8489
2094 7077 8648
2094 7078 541
2094 7079 7769
2094 7080 2084
2094 7081 6854
2094 7082 7937
2094 7083 4365
2094 7084 7519
2094 7085 7679
2094 7086 1900
2094 7087 4079
2094 7088 5520
2094 7089 775
2094 7090 6077
2094 7091 4413
2094 7092 5518
2094 7093 5163
2094 7094 7838
2094 7095 5793
2094 7096 5295
2094 7097 3129
2094 7098 3998
2094 7099 1381
2095 7000 8918
2095 7001 7443
2095 7002 665
2095 7003 2604
2095 7004 669
2095 7005 9072
2095 7006 7405
2095 7007 8976
2095 7008 3914
2095 7009 2148
2095 7010 7967
2095 7011 6780
2095 7012 3075
2095 7013 4951
2095 7014 6828
2095 7015 3082
2095 7016 5290
2095 7017 6922
2095 7018 2292
2095 7019 3636
2095 7020 7663
2095 7021 6387
2095 7022 2560
2095 7023 5202
2095 7024 3739
2095 7025 132
2095 7026 8946
2095 7027 2961
2095 7028 1970
2095 7029 3310
2095 7030 2583
2095 7031 4360
2095 7032 6526
2095 7033 4309
2095 7034 5081
2095 7035 8552
2095 7036 806
2095 7037 77
2095 7038 6749
2095 7039 463
2095 7040 6265
2095 7041 2193
2095 7042 2471
2095 7043 5579
2095 7044 5448
2095 7045 8127
2095 7046 3992
2095 7047 4306
2095 7048 8170
2095 7049 5181
2095 7050 7930
2095 7051 1979
2095 7052 5098
2095 7053 2186
2095 7054 5324
2095 7055 2495
2095 7056 8737
2095 7057 6932
2095 7058 8271
2095 7059 1147
2095 7060 4872
2095 7061 3829
2095 7062 948
2095 7063 446
2095 7064 1779
2095 7065 1419
2095 7066 3442
2095 7067 6222
2095 7068 2362
2095 7069 4672
2095 7070 8276
2095 7071 154
2095 7072 7935
2095 7073 6010
2095 7074 279
2095 7075 2672
2095 7076 1273
2095 7077 8708
2095 7078 402
2095 7079 7653
2095 7080 5753
2095 7081 9095
2095 7082 361
2095 7083 627
2095 7084 7556
2095 7085 8691
2095 7086 2495
2095 7087 5783
2095 7088 793
2095 7089 9144
2095 7090 4838
2095 7091 2295
2095 7092 3438
2095 7093 7674
2095 7094 3690
2095 7095 6776
2095 7096 747
2095 7097 7667
2095 7098 5928
2095 7099 3604
2096 7000 8541
2096 7001 1014
2096 7002 2262
2096 7003 3153
2096 7004 3710
2096 7005 3716
2096 7006 8318
2096 7007 2084
2096 7008 5189
2096 7009 6606
2096 7010 6025
2096 7011 8552
2096 7012 7154
2096 7013 7725
2096 7014 4961
2096 7015 3587
2096 7016 1964
2096 7017 3696
2096 7018 8684
2096 7019 7426
2096 7020 6612
2096 7021 621
2096 7022 8801
2096 7023 1418
2096 7024 4663
2096 7025 3755
2096 7026 5554
2096 7027 7149
2096 7028 6653
2096 7029 2507
2096 7030 1758
2096 7031 7682
2096 7032 6193
2096 7033 4636
2096 7034 8043
2096 7035 5640
2096 7036 852
2096 7037 6572
2096 7038 3300
2096 7039 4571
2096 7040 5545
2096 7041 3501
2096 7042 4403
2096 7043 3229
2096 7044 1193
2096 7045 5034
2096 7046 8380
2096 7047 4823
2096 7048 7329
2096 7049 6967
2096 7050 11
2096 7051 4598
2096 7052 4500
2096 7053 8859
2096 7054 6537
2096 7055 2225
2096 7056 1201
2096 7057 4689
2096 7058 272
2096 7059 1096
2096 7060 4583
2096 7061 5218
2096 7062 2832
2096 7063 2014
2096 7064 3734
2096 7065 4269
2096 7066 6010
2096 7067 8743
2096 7068 7614
2096 7069 2864
2096 7070 3960
2096 7071 6117
2096 7072 478
2096 7073 858
2096 7074 7017
2096 7075 363
2096 7076 2824
2096 7077 8435
2096 7078 450
2096 7079 553
2096 7080 5706
2096 7081 2804
2096 7082 6588
2096 7083 9121
2096 7084 6555
2096 7085 7096
2096 7086 8364
2096 7087 2210
2096 7088 5741
2096 7089 3429
2096 7090 8568
2096 7091 4330
2096 7092 2577
2096 7093 537
2096 7094 8697
2096 7095 398
2096 7096 2020
2096 7097 2210
2096 7098 5851
2096 7099 689
2097 7000 4302
2097 7001 3170
2097 7002 1754
2097 7003 4625
2097 7004 2884
2097 7005 4261
2097 7006 7354
2097 7007 356
2097 7008 6049
2097 7009 4029
2097 7010 585
2097 7011 3351
2097 7012 7642
2097 7013 6231
2097 7014 1250
2097 7015 7022
2097 7016 8552
2097 7017 5647
2097 7018 5443
2097 7019 1015
2097 7020 7624
2097 7021 8158
2097 7022 4197
2097 7023 286
2097 7024 3765
2097 7025 863
2097 7026 3468
2097 7027 8520
2097 7028 7351
2097 7029 500
2097 7030 2362
2097 7031 9027
2097 7032 6755
2097 7033 7849
2097 7034 8376
2097 7035 8202
2097 7036 17
2097 7037 3536
2097 7038 1005
2097 7039 4163
2097 7040 3392
2097 7041 40
2097 7042 5134
2097 7043 7760
2097 7044 1277
2097 7045 7500
2097 7046 5957
2097 7047 627
2097 7048 1206
2097 7049 2699
2097 7050 5989
2097 7051 1583
2097 7052 8142
2097 7053 6280
2097 7054 6547
2097 7055 5253
2097 7056 5459
2097 7057 5585
2097 7058 2160
2097 7059 3748
2097 7060 7457
2097 7061 2835
2097 7062 4276
2097 7063 2420
2097 7064 278
2097 7065 4188
2097 7066 636
2097 7067 6976
2097 7068 8381
2097 7069 1216
2097 7070 8669
2097 7071 5885
2097 7072 4879
2097 7073 4106
2097 7074 244
2097 7075 8279
2097 7076 4200
2097 7077 4502
2097 7078 3039
2097 7079 6525
2097 7080 8886
2097 7081 1535
2097 7082 6989
2097 7083 5733
2097 7084 5297
2097 7085 7325
2097 7086 5635
2097 7087 2786
2097 7088 2635
2097 7089 8903
2097 7090 7394
2097 7091 5576
2097 7092 7902
2097 7093 7824
2097 7094 8951
2097 7095 6172
2097 7096 9091
2097 7097 8178
2097 7098 2586
2097 7099 3185
2098 7000 6785
2098 7001 3271
2098 7002 6239
2098 7003 2688
2098 7004 6740
2098 7005 3649
2098 7006 8570
2098 7007 5526
2098 7008 6330
2098 7009 3276
2098 7010 7269
2098 7011 5830
2098 7012 2319
2098 7013 6601
2098 7014 5428
2098 7015 548
2098 7016 8219
2098 7017 3074
2098 7018 3664
2098 7019 1987
2098 7020 2085
2098 7021 6089
2098 7022 7550
2098 7023 742
2098 7024 7928
2098 7025 3059
2098 7026 8984
2098 7027 4238
2098 7028 6386
2098 7029 7851
2098 7030 2350
2098 7031 3475
2098 7032 3141
2098 7033 5319
2098 7034 7852
2098 7035 7674
2098 7036 3624
2098 7037 2409
2098 7038 5301
2098 7039 1466
2098 7040 3855
2098 7041 1446
2098 7042 6576
2098 7043 9084
2098 7044 4229
2098 7045 8785
2098 7046 7501
2098 7047 2231
2098 7048 6381
2098 7049 2305
2098 7050 2124
2098 7051 1790
2098 7052 7708
2098 7053 7436
2098 7054 725
2098 7055 2523
2098 7056 4652
2098 7057 3798
2098 7058 1326
2098 7059 2009
2098 7060 6803
2098 7061 660
2098 7062 2834
2098 7063 8068
2098 7064 7169
2098 7065 7851
2098 7066 5733
2098 7067 5830
2098 7068 696
2098 7069 5855
2098 7070 3405
2098 7071 6209
2098 7072 6993
2098 7073 2219
2098 7074 8051
2098 7075 2836
2098 7076 9125
2098 7077 5170
2098 7078 399
2098 7079 3800
2098 7080 7974
2098 7081 1058
2098 7082 1589
2098 7083 6740
2098 7084 2881
2098 7085 8846
2098 7086 1235
2098 7087 5834
2098 7088 874
2098 7089 5556
2098 7090 1956
2098 7091 1916
2098 7092 6886
2098 7093 1439
2098 7094 3876
2098 7095 4189
2098 7096 3646
2098 7097 5346
2098 7098 733
2098 7099 2779
2099 7000 4357
2099 7001 5197
2099 7002 5418
2099 7003 5496
2099 7004 7101
2099 7005 9004
2099 7006 37
2099 7007 5906
2099 7008 5526
2099 7009 1447
2099 7010 8440
2099 7011 4067
2099 7012 6538
2099 7013 3283
2099 7014 8960
2099 7015 8307
2099 7016 2260
2099 7017 5617
2099 7018 3090
2099 7019 2077
2099 7020 2001
2099 7021 790
2099 7022 1647
2099 7023 1692
2099 7024 262
2099 7025 1291
2099 7026 3107
2099 7027 4475
2099 7028 7484
2099 7029 496
2099 7030 7417
2099 7031 4216
2099 7032 6569
2099 7033 5675
2099 7034 2711
2099 7035 591
2099 7036 7053
2099 7037 881
2099 7038 6568
2099 7039 4162
2099 7040 2913
2099 7041 3439
2099 7042 1853
2099 7043 2080
2099 7044 1431
2099 7045 7979
2099 7046 3810
2099 7047 1062
2099 7048 1048
2099 7049 806
2099 7050 8084
2099 7051 2833
2099 7052 2327
2099 7053 3281
2099 7054 4945
2099 7055 7746
2099 7056 4193
2099 7057 2225
2099 7058 5945
2099 7059 1162
2099 7060 6930
2099 7061 565
2099 7062 1889
2099 7063 5381
2099 7064 3458
2099 7065 1769
2099 7066 5621
2099 7067 4979
2099 7068 8730
2099 7069 8918
2099 7070 3616
2099 7071 5559
2099 7072 984
2099 7073 3763
2099 7074 409
2099 7075 7321
2099 7076 4686
2099 7077 9062
2099 7078 6577
2099 7079 400
2099 7080 5218
2099 7081 3474
2099 7082 8348
2099 7083 207
2099 7084 7021
2099 7085 7415
2099 7086 4180
2099 7087 8166
2099 7088 416
2099 7089 6355
2099 7090 6624
2099 7091 1110
2099 7092 6931
2099 7093 9094
2099 7094 690
2099 7095 202
2099 7096 386
2099 7097 6585
2099 7098 8376
2099 7099 2819
104639 104651 234